34879
49783
82413
41462
68435
93501
58823
69577
43134
67220
93535
84442
69282
54096
6450
14761
20249
10008
454
43136
15626
85930
63025
96441
46189
24106
9411
91744
5942
13807
75587
45597
18732
22436
26448
16335
34980
78873
6289
61711
54008
14071
42038
50768
79210
92137
50749
36766
28421
43647
4527
97565
95037
87301
7091
64818
78565
16424
70670
31604
62577
88737
87383
65629
21299
10534
21488
39829
29483
3296
4600
59052
88158
28778
96750
43462
54471
90872
31200
18440
99069
87004
41853
26284
15000
92368
55319
39339
40432
63232
74322
80236
68419
3345
21425
87349
66450
51629
9541
47483
76754
20118
98028
16533
2009
99732
12248
9358
87124
63849
21972
65610
56687
66057
50901
74096
63417
92672
6657
44242
57432
33805
5249
38293
37031
48781
54409
48001
1419
98866
34256
57360
21200
66085
6942
82869
54086
35938
90591
78453
6295
19127
83772
30072
88727
45633
13218
43744
18380
5796
16122
15489
68010
70816
11073
92942
77256
80109
69435
61111
37079
5388
95660
41205
81057
82529
72509
54514
54498
95967
47520
44386
58709
3179
47833
46811
97951
69673
71191
55679
10914
35070
64269
83117
42861
19813
35496
69933
13037
24394
76199
23558
29355
48931
60417
60825
65999
58316
23772
66963
96768
20666
8501
10610
87003
97902
83182
1430
11960
56685
68386
88689
14277
86172
53887
85088
49318
4634
48844
85352
41420
78506
94227
18837
78085
40466
71940
33121
88451
4806
61913
62923
16486
18588
4051
49492
13332
33589
84669
93981
39687
59674
98121
96684
69365
70522
5870
82203
89967
63174
59635
57123
94591
5040
38836
41991
4539
69354
99958
20798
9152
45834
43974
96467
90001
44204
71037
35335
82100
9009
30743
53538
8623
53126
33231
74705
23866
35744
16646
99116
83861
75230
87877
22663
73401
50858
16932
70535
29864
54975
36301
97007
3673
76483
31735
27627
25812
95907
25400
68127
4411
55481
85223
70265
93220
71206
94507
12315
89132
46161
50782
96218
81887
23005
70993
34143
11503
48051
21086
49505
5800
87367
97889
87146
27021
44630
72632
95489
14061
50520
35457
75601
26078
95262
44625
21756
26864
73422
99001
61328
1294
94975
12754
13836
85279
44940
66268
23001
79053
69159
5668
42773
8522
77157
15639
85636
53537
87647
81604
16055
58741
50437
58344
80337
36157
60580
45064
85330
47127
6746
78133
48076
67128
42193
22276
17155
91207
51563
74097
21224
61485
89218
20259
84974
11907
29697
59575
79422
73307
25344
25215
10893
63210
23676
90456
95832
29749
27320
33286
33766
86003
21919
31042
38986
37113
45909
95429
68624
22301
73258
23351
60503
99810
2973
96362
13792
72282
24130
22253
73755
97867
14258
80990
14151
6418
49420
66443
34259
98905
61997
60453
24008
97792
20115
2855
40202
80973
28692
41098
12231
57900
92965
3729
771
34885
77472
91072
42827
11180
83061
94170
45273
99019
34106
28810
82617
28823
25032
49449
55498
1864
63242
19690
75013
27580
9142
64638
57081
52140
14204
58569
77533
22270
34861
37811
31488
3189
55549
18506
40373
34644
32371
20501
39650
12012
77515
11582
86181
7297
80443
27272
46586
98209
88810
33139
5299
91865
78266
73372
92976
28347
27258
99469
95289
33209
96604
3090
28200
53970
75740
45301
8360
67785
80905
37316
97184
76773
35578
77914
3254
11390
38471
18222
28162
76855
60797
30673
16787
89993
66103
35667
53341
62089
15427
32799
64969
59376
31115
34577
80769
76660
74627
79725
38695
7083
70894
42480
7502
68961
83177
35574
5515
45648
55729
86080
35636
4982
27625
11335
72280
9707
11956
75382
87630
44032
72752
6155
59557
16399
52006
52376
49962
62481
56308
83302
29332
41035
41328
61147
22159
20767
90856
39487
34968
47692
77510
80879
63427
93786
95046
80219
83321
64786
16311
96725
90711
19429
99514
65892
96003
46095
33029
85312
70567
57285
39005
39683
21630
90886
89915
580
94953
15184
55339
35650
72602
76274
17586
27481
97786
85484
87952
2379
38196
93419
24380
69073
42703
66309
56663
55463
93161
65014
84374
57873
27910
22978
75172
42687
18726
5954
64094
32831
66602
83599
25511
58218
9616
31557
67528
30809
1677
4462
88957
20567
31817
78743
92263
79636
78606
68628
36238
8854
82648
86031
33795
67037
22639
93227
13268
51752
38476
20227
89856
22493
46580
91343
8266
88974
42164
2662
24804
90931
19951
28974
31059
68129
30044
51371
26969
44920
61303
43082
59488
3547
36155
11892
13359
48091
9236
22971
81190
6334
53039
60825
75072
55397
48537
27152
56725
30118
29592
82528
61843
969
62480
94577
75247
16334
44950
83168
70772
24638
28566
57711
34241
54835
20873
7190
34694
16896
34958
68881
97445
67096
16387
82059
28002
82366
27114
97538
67336
42342
32018
82210
33941
8321
13039
94654
28890
18681
68818
2905
39874
78564
68046
85705
37629
6490
86252
63896
74676
69456
27962
31367
80289
51329
87312
9473
68322
5873
93677
5913
77902
93914
59780
49796
20004
51142
30861
6616
68519
6985
7782
30239
15009
82853
75478
18359
55435
31345
41080
16123
24519
55573
45595
56537
63263
33499
96488
68509
8742
40018
75179
96551
47696
17237
89825
93725
68862
36263
16510
66081
29119
76146
14174
7098
71890
63976
28600
69360
11757
12345
7088
45961
43851
14867
97322
23347
69856
76699
37361
60169
77912
93779
87763
648
72604
92061
97832
91203
66605
62347
92927
32732
96223
41897
64011
79792
50093
4756
67429
9182
63741
14403
24173
52803
42039
2245
62584
69052
91854
29555
22646
94314
54896
60788
12616
31821
5669
42266
49753
55424
92209
43197
92992
45604
18231
88013
73293
70266
51954
65053
86616
20350
5954
53692
33097
12142
89302
33694
32269
88902
12943
7167
88092
11844
68024
26871
91028
32855
22653
83560
18978
76532
57112
75037
55585
43168
15221
9169
6837
81028
39830
97974
12184
11254
12944
2794
87145
18447
15276
15986
73643
44973
21873
21625
28406
26050
10759
35395
3867
64940
64176
59084
60298
48506
22018
29132
45682
32211
54144
23579
49871
87799
85560
24404
28643
34868
18381
59189
10746
11945
33358
21728
49892
78887
77880
97087
63129
6467
3880
44735
13789
216
97968
58909
67108
23027
81427
32032
42434
87240
38745
67723
55562
15057
76603
33093
11012
36473
87610
81172
47250
64826
51260
45039
91365
31747
60293
26242
53796
5966
51571
15290
91045
46456
45373
43916
52970
25509
60582
55303
73912
34671
18500
6613
52621
62811
70593
79419
18144
44720
31102
18014
72525
23887
90426
66785
47417
81910
4884
43790
47801
15955
13088
49556
86262
98822
63000
88584
27732
27179
6763
6487
83751
81145
16393
56647
25424
94792
90756
31815
35360
76167
12753
80002
90467
36584
54229
62444
65563
10421
22839
61965
41448
23896
91390
68726
35742
12950
89748
22538
47912
45668
46965
55431
4278
53119
67958
56371
16564
83082
13584
4240
85802
28131
34414
43432
53467
89243
97601
94646
30667
70460
97488
30595
40806
20202
34142
53720
7363
1388
4476
41549
80526
12903
53639
48591
58259
36433
78665
36490
80159
59910
13593
78248
38295
45582
37645
73383
99256
32847
72010
91405
25164
94782
32813
69750
55637
77135
90445
8009
97748
65995
84849
90084
22713
8419
55065
58174
64516
88788
43164
13537
64990
94263
35524
88122
37431
48796
30355
61337
46983
41587
31182
82353
65006
16146
80334
40198
88461
78028
15234
33698
72563
33636
53634
13950
72883
71819
91805
59239
94145
68576
98762
79149
94473
38157
41076
98629
64160
27532
30483
65054
88052
43449
1378
53722
45469
18022
37803
20277
27119
35677
42550
99581
96963
70308
69328
81954
78306
89066
21324
91685
60403
53112
76099
5626
63613
88882
65771
17587
48272
88759
79205
26767
15687
37342
13182
47435
56343
49062
18752
60313
5691
46222
66331
56550
87201
67145
37048
70219
79193
67163
5338
40588
49185
73337
55794
730
73911
37892
63080
90973
7361
54003
48474
93974
9438
77352
15735
6521
82190
97921
96332
44502
70201
83955
94796
10466
40635
59934
31459
19184
21554
59674
79634
76639
61253
21629
66779
46739
13827
44276
31534
75482
88131
97584
66814
95182
54183
18912
64775
87169
48954
63955
78897
13048
96832
13169
4728
88360
16165
91443
15545
37411
52341
85575
80030
17003
63608
55126
20626
60165
83089
81831
44127
53056
96778
69598
65661
94269
88019
50324
37270
36521
98172
71877
37461
66972
15064
98955
87968
5660
75355
68028
42976
25166
10774
99425
3454
68256
22294
21409
51036
19829
21814
83382
16458
32765
8606
3048
79997
52965
32844
21143
50364
35191
17066
1082
5946
90631
82939
13258
47719
45200
18443
36312
60929
3064
91386
38515
58895
36936
24358
77353
32526
94993
88302
81511
63742
79507
29598
86936
88223
27815
18930
24533
37479
46288
1687
56214
68758
38072
28672
46802
29241
76925
70739
93123
84192
32310
19433
99159
30174
91283
14321
12588
97272
5823
201
8331
53935
85676
84022
79633
27510
18211
52027
66476
56318
80282
37819
1407
76469
47645
18788
72152
25050
69415
15858
92204
98008
58845
99447
1611
31057
24143
28128
20121
87881
71907
64619
66540
46039
4156
82085
79162
48576
15725
71699
13241
84596
55710
21467
11740
16510
70281
1540
22341
28687
2049
27691
57184
45396
38953
44928
56912
6264
88043
51635
80075
26789
29481
3752
9655
7817
86445
37015
83300
73173
46199
96256
8038
62779
74198
82424
72444
79748
50423
61851
51877
33197
21929
86546
76353
74521
36753
14289
31930
79880
53090
12207
35739
95251
30902
7107
46437
10169
81824
66659
53769
67040
27069
65935
71761
79838
64948
73636
21180
51953
22737
83971
23814
42391
53465
16192
99562
90235
83942
97581
17136
53524
91104
81745
82942
75884
28962
23089
24810
97421
39383
19590
19270
53353
72188
90892
26627
71254
97661
77679
85984
18517
17556
81367
26411
94674
24266
76979
69523
64610
51435
10096
17799
29784
29431
471
36207
92951
14624
18999
55878
49948
51176
39072
84022
18769
33019
66747
45702
29895
85349
46021
91891
93919
80055
18660
62465
53685
19799
14679
53204
42014
93938
98955
66407
95954
3556
18016
58713
25361
23301
74566
83633
29530
63513
22712
87151
73441
30492
9598
2611
49496
71416
26173
72199
48250
82386
6887
47861
39148
25113
35160
99452
60555
45221
89455
30539
13634
81878
21164
54911
92089
10962
103
8295
37433
54031
6952
36611
93184
59503
63597
99852
49049
79742
90354
74461
94319
67397
78776
41399
53063
57461
28248
23283
52746
6310
42452
95983
63433
28555
8929
78655
68350
72652
51473
37036
30243
23787
83541
91742
85346
30918
32229
25657
97998
14088
25100
28141
99362
55143
94654
20612
66656
94038
86134
32690
24036
77079
74902
13056
3136
50320
82615
46869
17517
78511
48149
15924
41947
65294
13564
30466
59546
89031
50496
41801
22656
72276
57385
80907
44530
49597
71331
33086
763
9471
51971
67760
79676
55561
35392
51069
99737
32284
62696
36747
15121
88447
34945
16306
8136
58137
21890
94844
31256
92364
229
91112
46880
58419
63379
52176
37418
26524
99517
50853
53630
23597
85872
95516
24562
51877
42540
12922
24931
26841
31316
51630
76976
91457
18063
99716
87985
22296
9788
77211
45303
70768
88548
98709
76081
65155
41743
63429
24420
75887
91161
41397
77340
38121
56172
67275
26750
28082
85601
42097
65826
58838
37000
13724
4818
94398
47972
6226
99731
80957
17160
50685
88994
12738
52852
12624
31104
98945
47521
63953
36883
8512
88763
86807
98565
4825
8020
32675
20156
85094
6975
67096
44899
18381
79900
72573
39049
30748
71973
76852
39982
26180
36908
39784
97115
72729
91106
29854
3715
55989
54082
10874
25386
81491
90064
65564
10781
26374
90876
87738
94437
77169
83328
36412
75255
14703
86176
76926
16461
63247
12730
70061
28558
20004
64255
33259
26107
22798
95717
80110
47377
36370
7117
22949
11515
48064
49018
15758
21569
8649
3709
795
99369
49166
70029
31747
43053
2395
29061
21071
24883
96988
59845
99927
26152
5455
44951
65035
45170
56897
82563
29033
87186
85380
66594
5570
77212
81027
46867
8296
71262
63520
46562
80174
98533
14949
54911
87297
68486
79157
77960
56880
4015
47880
96233
43281
40986
93259
72697
16512
2620
29181
59817
8131
40657
34141
71019
61582
38767
47509
71597
76263
17723
98615
8878
99482
66314
34680
80375
51679
7149
63681
29904
51019
89107
23074
64179
16333
71955
98387
50109
41565
41353
6358
47756
30927
53698
24166
20076
75472
49112
85847
5816
28363
67787
16754
54396
27973
46967
55514
91603
11400
68450
31222
76025
60641
97543
60659
34965
59220
44075
43401
64885
52634
97782
23674
10214
41205
98000
78711
79251
83315
93666
93400
80106
43271
81052
67193
88955
74739
71686
50842
27673
66383
80783
14505
54687
89757
31878
9667
69758
22072
98834
14458
9443
88648
66240
15123
12874
63209
91630
10471
59229
17898
7027
21684
57804
10153
57861
56205
78473
40210
73029
85470
60982
22045
55547
65254
77163
52864
61726
72782
85796
92263
29137
25919
21257
18620
37281
18308
83903
39491
41098
76936
23413
26499
98822
68750
95881
3579
65329
71325
24343
9289
33157
59313
34663
46975
75894
39267
34941
31506
24848
42893
94521
81648
27287
16685
15272
3472
19447
94509
4364
85371
40719
59712
81843
94921
12566
82711
14547
66974
78895
57103
83367
61624
38586
52210
15206
57201
54049
86373
32431
32127
56232
99362
40900
42602
49526
71987
81637
61014
74325
4128
11917
70614
23352
61341
14703
61489
2939
19980
64527
9727
8118
22540
12033
26829
47384
34493
94732
37057
44236
79175
45290
98581
93974
32240
28802
53997
84680
6420
24770
84926
44379
12215
37391
10097
19512
80411
26264
8624
85094
12020
73224
67433
50228
22864
56674
89548
18076
55009
88300
51698
13467
4697
4005
48485
77334
71041
47451
21352
86893
79092
50838
71274
66758
34104
13038
46952
56044
95662
70513
875
13330
52167
56280
56299
35553
796
16716
39171
58197
45702
10000
50960
78984
30143
54286
13963
55047
93519
7175
33185
71455
40447
65700
39532
89075
54353
91245
42557
75940
89260
68652
22646
60154
63502
15824
31421
92765
69241
59860
77051
41468
4699
21982
76290
73710
62447
77473
77914
50605
84227
22971
80222
38299
44421
31923
60187
2491
56
21239
17951
82327
45547
38789
37519
13488
62558
61935
26219
21194
64790
62798
46588
84397
39644
16210
76977
96323
88015
55489
58013
4196
71940
20564
26042
75779
87347
28650
59011
24740
8648
52516
55814
27517
12062
30371
25831
25390
62694
79839
44083
26540
62468
5838
82420
39533
84397
51098
42181
16641
18428
11256
82499
89900
77185
42875
60495
10320
79626
53269
73677
10095
94370
5770
53032
68766
47235
98198
17543
67206
61659
15482
41937
64328
59305
22904
92914
86001
96986
75357
22637
86641
2216
33594
83149
50570
93556
19605
82879
9397
40171
77572
87967
10757
19241
15033
23417
32576
97293
19400
56039
57463
67065
10899
80407
6304
35063
40364
56991
6520
19237
78962
82349
79883
58555
94850
54631
42615
35597
5906
57019
58853
83002
24609
33093
99477
70456
77538
29536
48324
4292
6987
89027
78614
40619
24764
29853
15427
1479
43856
33
5085
29325
41117
80274
25621
56379
92432
61053
83502
78294
83503
25700
43330
59569
7514
96467
702
17948
57938
20076
3675
89662
80919
26942
99280
73017
15679
36970
99311
81443
47023
43668
10968
55045
78360
82992
14751
88766
86576
20904
27955
14317
7632
93026
8001
50135
43669
27060
88997
65349
17274
71775
75450
69376
61124
4709
95116
93761
5949
83104
4453
51658
50016
63303
83300
39847
61939
57650
12118
761
41729
80100
10296
90704
17325
78149
93375
49171
58070
77241
38278
20821
22973
95069
9311
62728
23782
32716
32153
9627
61688
34274
36163
73892
50372
20940
18642
73857
30272
40016
78431
41217
71243
8972
20991
21492
36567
73328
5764
27573
73740
61703
35860
15492
83517
54518
3063
22423
8976
56504
18160
85258
48317
97818
1700
35982
22605
42619
7346
50961
11175
80029
27120
30321
39874
984
97799
61254
94513
31395
33548
44973
67287
48788
86485
15008
7717
31085
31938
78868
27897
16914
91452
5744
34291
52979
20554
39569
1260
85998
89859
12296
57504
92831
83798
70864
510
8608
15769
84616
29246
94019
41828
98166
9614
89405
99601
47620
71495
76559
18420
84351
43885
3865
67876
13195
9228
1695
76803
75483
67712
62668
43965
46201
83522
46238
78832
95843
38079
34820
93355
26410
70774
67403
10137
16879
79060
1507
39594
41724
32248
81220
99026
35163
76992
61427
11499
3550
16473
14710
25119
35072
79094
28597
81514
83913
26946
69143
55306
48182
15176
36040
388
52295
58
72071
46604
17031
23331
16896
14935
17052
22447
99950
65784
18763
46163
911
37541
62265
52527
55739
51691
26000
66634
85130
59706
80756
71782
33093
90777
13792
30634
49392
48723
62338
12242
31386
53708
52367
8621
29807
63622
14307
59929
90244
64579
30141
83591
12670
85658
7142
60329
83360
36340
77143
41890
43876
94210
8553
93938
6187
79926
66868
79962
57584
43014
42625
92517
85349
97331
35566
93634
73798
38813
52009
59041
42799
15090
80269
91049
76183
44038
18513
14724
93314
2459
90673
56793
58133
28479
96916
88474
45194
14194
39272
86592
84124
73616
23448
62282
15212
31490
39066
5230
97207
70363
60989
39499
77201
4586
58950
29682
67750
30382
17565
82707
86019
92511
76763
67588
52358
74913
8167
50798
61604
26345
93877
97713
40063
2290
29380
30470
56558
92208
59273
92788
58457
26337
75583
11726
36218
96278
3911
89035
8855
35847
29559
50370
56199
25882
55868
51646
85316
7969
97308
4683
64478
68995
45844
99012
59687
76506
56689
3566
68887
8318
96234
29246
33411
83429
85984
26835
84630
561
67778
15237
69636
80268
87508
81172
40543
92782
58721
51307
45552
95834
81028
79987
90671
24824
4973
49336
19837
54188
86931
59524
5234
56734
79381
10327
1168
70310
47761
36576
97170
27961
10599
87502
46007
43709
64669
78589
78229
34570
37632
36221
61341
33542
36469
8492
14385
51691
56962
88466
72907
7867
49475
63023
93015
44559
50318
51357
6739
55801
78091
61954
23910
94466
13326
48996
4854
41673
83671
20856
88233
36605
57683
37414
44537
48173
23381
28515
39347
89706
18396
57330
74473
57447
56883
67047
67703
66800
13471
70564
26257
61647
22579
3817
17113
24957
80899
70824
46171
19491
61814
67133
3239
37016
79472
45411
97277
71356
76693
65361
12006
91167
18954
78130
86597
54606
19992
33105
42584
55045
53737
99439
72631
89005
45704
83636
61207
97009
97177
54398
1317
56073
50437
76499
14000
813
18376
89949
9699
84827
28091
70885
10064
61157
88053
9549
57264
70854
9431
32925
16762
68130
35169
3331
81051
9457
87495
41043
89225
71055
17789
56719
75954
74450
8512
64153
26245
92870
78466
45430
95401
22303
95624
48215
45352
58766
15721
61259
13785
76451
5483
72367
42334
71054
76021
78358
70550
89106
38649
96400
16737
62524
49000
77254
63622
91483
90524
25607
28852
81274
46732
39307
52656
15982
10574
1855
89779
10340
59946
69747
83933
69638
38911
78991
22950
13853
20429
67100
60915
32596
70130
89416
49597
87906
66789
59927
98449
1987
82662
87006
81858
18580
46634
10765
97021
77670
11231
39970
79877
87563
46698
69818
26622
58491
14817
71274
37899
98633
21206
11026
14740
49033
53596
97579
51101
6300
62130
90638
23675
7800
74757
38277
91516
12651
89516
90428
66830
56414
82478
78278
26551
12423
81929
3201
48635
21227
51335
8456
26821
55193
91540
56772
3460
44837
5988
2804
15752
56597
60263
81894
17100
74816
3508
4752
87603
99376
57132
13441
94651
72345
19507
655
32584
93776
62475
14568
20618
65098
77284
64192
67532
87007
22095
58493
75213
48015
49216
8587
5546
38097
41405
32443
59419
12450
14446
27660
23695
47719
83019
59889
96208
14191
99512
32474
76710
95438
89715
24379
27852
44481
76146
25371
2501
4385
19726
56146
26102
37507
41862
79068
52708
65190
34410
96002
35854
21774
30288
67645
80727
45773
67511
45734
38475
45935
89602
85166
90467
32854
35214
82610
59884
4608
59678
28108
29146
57497
43672
667
69314
14093
10669
2580
92600
98425
57030
64664
67522
43359
27368
96693
46934
91785
29328
69073
22409
34641
95886
72102
42021
85760
97050
623
62092
33794
46064
3864
30195
86554
42076
51859
31714
46148
95501
62584
13840
72010
5395
32472
14801
30242
97188
28116
4299
9507
43852
96155
91442
80590
12095
28466
13428
80115
70078
84286
6840
34151
79275
72736
5386
69788
58116
19553
81837
47671
59186
80852
35984
50281
52988
10088
16619
18172
80392
17124
61108
45695
31755
54300
98543
89076
91162
11270
77402
28583
29134
71282
71091
41263
83625
3829
6238
864
12464
57765
70097
79765
18631
23498
10628
76283
18994
58591
32060
54713
69151
71227
61687
58005
60269
76906
2700
12136
68619
23048
96498
70352
54403
66497
57633
94534
25450
2129
55044
36039
97757
74390
86108
50509
60178
53022
54034
35017
51386
88093
35495
4082
86757
81643
76865
65251
30408
6100
25538
71286
63186
64897
92315
78335
6890
87159
52403
43803
53192
17022
62682
56364
77638
12650
69407
19514
74294
23859
69408
54452
81402
37981
49304
34337
28446
60735
69532
59570
96772
92735
88691
18338
15157
60222
46557
36032
77400
63330
49619
8358
24767
10049
7143
15618
6178
15596
85517
97225
80639
50720
50334
94073
67209
6131
76026
714
56159
27340
52909
46407
28477
22554
21208
37730
24380
61909
26098
13546
4819
71873
30076
16469
12692
36704
45484
54834
92567
41421
13761
44155
4890
17607
90566
1234
98459
58457
4803
89987
16275
33361
70326
53271
88879
13549
32267
63472
47452
63980
47200
22210
1025
40146
25541
29589
61738
89401
20458
68932
32995
29248
23038
88182
16665
11209
97648
85045
35626
57283
83044
94302
45530
91274
75041
93995
4095
56055
535
6496
86984
7813
54777
69818
87098
40568
82098
94937
61012
70658
68073
74213
55208
47390
97236
31808
20993
98949
87335
74334
25969
96663
9247
67677
65877
23274
5600
30248
1512
56281
33597
15292
54897
35967
97712
49635
23679
48839
14296
30029
35422
73425
83661
61018
65524
64152
68463
35756
95809
95225
29416
80614
37193
76708
45681
46609
54091
1856
464
5968
63774
39171
11278
86487
3692
63528
31095
61498
87134
36237
89030
20257
6837
80600
60237
28
15529
92679
83158
10495
77859
62627
86902
22938
8680
52356
37367
91568
88373
32050
39311
98344
44474
79400
39618
28230
74895
66420
43375
36691
79687
53408
77824
30079
59666
5048
34687
59273
56080
51161
34918
55440
66697
24468
67764
5823
27791
6222
53790
59558
72851
35930
20908
28587
1876
19954
89265
78680
78712
52066
74721
52824
94040
14657
16650
43630
67410
75974
69100
28214
23090
61492
17333
38653
96644
14971
26152
46606
93642
23781
69001
67729
59339
20825
10185
87644
367
20546
84105
2830
93296
88551
31499
85740
95336
1519
93553
86411
91431
56669
85547
34628
29352
56936
39621
43275
88196
31917
36130
40247
28842
56891
26224
7647
21306
83157
75269
23464
98113
40812
31257
9257
93557
95313
46260
47122
34429
52703
40350
51466
48152
86799
34296
30584
45113
72198
61067
54031
87650
83810
5884
31083
56698
21292
86462
54781
92790
90328
77639
59669
19138
60598
27073
77541
70817
79344
99210
88935
8918
21381
2568
24646
17402
88899
76044
92413
26023
67139
73094
10033
86320
61376
41189
22668
89118
16959
60126
15237
28990
88594
97638
48600
14707
47977
95549
52955
71957
2676
46305
72184
37727
69049
27390
83148
83348
58983
9932
90507
78243
9727
54811
6320
39700
13259
1598
57284
14826
24894
44049
34152
53874
49117
37505
86075
3449
51920
98717
1721
47527
12124
33343
74387
47525
77706
89783
50682
50452
41345
20860
2272
4011
84498
71012
24242
54569
49853
98770
46713
66699
16454
84058
94398
89683
27238
78035
26410
70976
29320
864
73878
48886
5317
73264
20286
91691
67722
89106
78504
86190
61888
25163
48547
67352
22382
97028
12937
82966
46801
35909
90195
38415
84192
72318
36510
95880
90438
12369
38738
50080
41286
54970
71978
56756
82843
45148
83238
99790
45941
33904
18492
49021
74167
88803
70055
49774
85547
80496
23062
97414
95645
55994
73058
67124
23861
27675
61435
17316
58276
23709
7864
5691
90479
604
31578
69000
87754
35896
11882
35934
94147
3260
19201
51311
83466
70158
76656
81602
59435
67405
69526
40444
54592
20212
85531
1626
14888
86938
14830
14941
45924
56967
76385
91011
17880
70113
1724
45378
72923
16987
60377
12704
62032
50035
25488
5170
55328
18608
64802
16046
33726
3912
28729
9458
13597
58252
38489
35411
86302
49871
38751
90014
86298
18395
44
4483
19487
30105
11249
78946
94104
44394
79040
2056
37206
63446
72584
77499
57566
93043
77766
38309
94278
54509
98392
94606
89890
36806
49296
82977
20648
7386
94802
16379
98178
17666
69917
43494
16396
26784
79260
79027
3313
78070
50192
75186
41224
40979
44009
99132
82736
52886
36014
76513
30312
41857
95718
62469
77232
68222
33789
65955
64769
44314
19522
23159
41897
66377
58118
91403
96704
89894
78912
15750
36698
30544
7615
47281
56085
5877
49569
87002
227
15947
67949
31350
31680
45459
5462
59612
3306
60866
2125
5721
77092
31227
65255
17444
65
3030
27540
13433
24092
92007
56377
13306
66512
39634
42814
18012
59933
36149
9437
10302
15663
50309
58678
69372
45048
94758
52524
75902
94998
14791
80004
50431
17480
60504
27651
68501
54726
89436
54212
64743
88956
55474
7826
7473
66391
86901
13030
96861
98683
2922
95080
43716
85804
97846
49967
94660
9833
89561
41544
37891
39341
50186
82478
65627
32713
88669
21874
40043
7991
71289
55924
78681
83079
90383
50353
87536
30123
60617
89299
88894
86971
72542
65767
82137
71248
3373
91617
97578
14605
85184
35789
47851
495
90271
84436
28804
26709
66862
77033
16142
5146
54933
66723
6139
80335
8773
34514
56363
55697
73179
5827
59728
53203
8278
27278
6603
34690
91964
14770
31245
51937
92013
57792
86280
46339
55821
29861
19764
79927
15424
89644
18084
20180
12063
14944
91560
35726
97759
66108
81409
17689
29161
42158
39038
95668
13292
26133
99532
50928
54107
46532
30021
74499
74360
37931
14531
64068
69373
81440
29944
72238
83990
23823
6246
50752
60869
39380
42044
7752
47374
10141
50650
4649
66373
27828
34747
93404
1796
14748
73985
4959
12548
26149
48857
17235
56889
72799
83982
77333
26514
84293
12895
1022
23383
98301
45500
82022
54396
47455
88778
82565
5806
97236
59952
82470
51751
25480
71089
5821
81167
86690
31191
16169
65532
59802
73298
81288
26519
29524
45030
67837
63945
98879
68910
97928
38141
25377
44053
93397
54508
15542
72975
40489
21239
26256
8848
95260
67741
22703
89377
78557
72468
75543
32553
86146
16213
17184
85040
23155
75736
28924
18980
42903
73497
2302
65130
32620
10021
35191
9607
98782
17997
74393
39748
81044
34640
48302
2621
66219
92812
36155
99497
35862
92133
1958
82618
70812
88968
9197
89906
5722
16237
37715
11572
20580
39702
38010
48858
99074
29088
4452
11432
18327
17853
12506
18769
47716
76016
36995
21273
17869
7795
97377
39499
20103
29051
17420
5425
54007
16097
21168
482
85619
93736
24451
7806
33751
26003
77430
69180
12187
15701
25037
42922
47762
51778
8359
22654
65717
21930
63295
47915
20535
24172
74623
72851
53964
27683
65084
86836
65721
46644
94577
22511
69387
16228
50515
32553
8245
60071
2532
7588
62910
41827
24766
37423
24100
72332
3509
65330
50346
20848
41757
49371
49247
99114
77822
82300
89058
17913
18683
34547
47065
95981
59506
92373
71648
4099
29103
48708
15764
92548
31801
12087
3963
88285
36556
9490
19522
71130
15292
43435
47525
41388
60071
40607
84315
72531
45860
68336
30880
33085
55421
45247
37214
68480
15985
77324
56750
18059
49514
28928
66402
96102
19862
72353
59204
31273
14191
33329
36891
40769
98792
58629
77688
33008
94428
6781
51985
92981
84322
44096
10366
41493
25313
40359
4977
90963
33782
27347
90723
45667
29611
2583
15669
60499
21886
7788
77963
85367
47744
36617
66498
24320
36523
80983
54574
31527
15809
86640
31906
77910
99691
72538
24039
89056
39426
20436
73824
56511
30133
57620
36354
77529
68956
63766
90586
13394
70154
40085
37028
74361
74750
91835
98811
89093
87294
84115
1628
32638
98449
6430
20363
55565
5260
62244
89800
86891
12682
40999
78766
59997
69870
3672
38418
91413
44935
82048
33973
26085
22813
10010
53034
43538
70944
33226
25335
21152
28643
15617
88560
97915
64033
35593
41908
87961
50435
81070
98380
65431
92966
30433
79451
36872
12528
8190
46854
21945
91575
24415
18276
28121
20632
13170
68821
41078
76592
93515
39051
77038
50324
7196
43539
40259
62851
34197
81110
71073
21605
88482
27994
40162
81989
21945
97173
21297
31294
80488
99705
58154
55510
20189
8031
24796
47459
39345
92383
84268
76440
65976
9974
2223
99486
4938
74947
61089
96037
80080
3945
22425
6562
51122
82927
13676
20366
23688
43591
68038
30937
5108
47962
74042
35287
38397
75189
93803
60904
43791
6827
24278
92175
37241
66593
24411
767
22741
1621
90068
866
93041
80436
74493
56916
1972
55936
88839
91279
38485
44537
70631
60958
11472
46486
90249
35991
6612
323
5534
49926
4185
30681
80871
66698
8659
32442
22622
90198
45322
20795
8678
36584
52483
84248
64401
94888
32655
4883
89180
6071
23116
52828
40657
58743
18410
15328
79444
59233
69580
19797
90826
75819
92656
76226
70495
42863
70082
36282
59473
50626
48613
6070
32742
36224
31158
69521
93041
32688
24382
22736
30471
51193
71580
46512
80035
28360
53501
8084
33312
69535
81425
52598
40714
53614
81769
39108
66405
84147
27585
52882
36925
48162
25504
7634
67097
52698
22064
89086
38054
87877
18019
56876
51301
49369
85545
68316
76864
60717
25690
13784
91704
44321
73903
41004
36801
94765
77414
27057
39237
20767
37433
35317
4468
19154
67034
18060
8031
77610
25570
49065
36385
89531
87753
30170
45039
44759
68515
30244
95456
95878
85774
16023
78740
46868
85796
85017
72044
20575
35541
46952
50793
79098
6682
32110
7945
55552
72460
69929
550
55110
30123
93564
14395
16726
87132
33970
95747
43
41157
89748
39516
42181
25513
10330
52548
67117
4198
89408
15122
65795
43715
46039
99126
9189
50242
90620
4571
60977
19030
84593
86252
41600
62686
50602
9406
81275
72032
13238
75050
28437
11636
68302
58015
43159
76932
76433
90110
26346
30759
31182
33544
66038
23664
43908
75462
66215
46284
72030
10675
11805
57426
93865
72530
8964
48793
52256
8958
86664
84995
72324
73094
46469
75513
22096
99207
24512
54870
26174
7326
3196
10226
1110
71944
88290
9692
29673
32852
96464
77101
77872
75842
54764
87679
24873
60672
54927
84202
5370
6113
68032
52476
25956
63771
99665
56816
57198
23311
6787
87151
95898
73677
55506
33237
12194
75381
95055
34270
12442
15415
54119
59483
21472
55080
34140
79061
31638
59541
85987
32517
37365
47967
97790
89529
69923
56280
64804
30217
77512
53350
77149
88418
17725
49184
65047
77007
20470
89660
13678
86086
59604
4974
10765
51745
35351
89335
17218
58056
97990
86225
31701
78668
17862
78981
3840
71279
53018
47053
26793
11524
64288
79597
56771
79402
1902
22113
35234
31286
68751
2159
58471
65982
49944
11613
50771
17994
27042
8986
27156
89877
7494
23152
61040
9755
33617
56945
83387
89517
14463
51530
95168
99562
8565
52456
63696
17215
5202
42073
45813
55462
22469
34758
38977
81106
26698
77266
14048
80574
75400
29631
5497
73683
44427
32248
54581
11758
47930
54681
40057
66845
10723
58235
38735
78255
93844
66470
71473
30665
42623
58889
49820
95829
55736
80052
90261
43214
28750
85516
10217
63659
32459
64632
40012
35599
74904
36497
43973
41979
23779
52227
79702
78067
93258
24141
23238
15520
23308
54630
88259
83210
18118
20245
51158
14974
96162
43945
56103
20449
22581
10680
37255
86215
47078
9190
20206
60195
64841
87572
68968
14959
96479
54728
74487
28122
34148
94240
45968
83248
85697
25757
71232
58088
30875
64703
36492
49903
34595
28251
75169
53779
13437
9932
12916
79813
20198
29112
92590
1870
91124
57577
24972
43991
27453
63737
89969
30826
1753
51223
17594
82809
34111
66103
60682
43269
2312
17633
82601
66013
51857
77054
42701
57042
11362
45816
23938
96679
9632
70877
93232
30706
12822
73873
42893
88643
13570
37804
95834
1918
12042
68527
45223
65139
53421
3318
71933
59852
70794
7792
10061
88599
79728
65705
83545
21331
17449
22281
69975
35643
21311
8133
37547
85478
47894
90366
6504
25416
35737
32843
95852
93349
21590
84637
56365
44325
1992
38019
57523
68822
69939
99787
54498
60893
11595
89770
3019
27115
49616
70121
78355
48586
50472
98429
32924
35414
11096
76457
18526
14903
9675
94476
47685
68356
76331
49933
29673
45259
52486
44241
56607
49387
64733
36947
61484
79878
9455
39624
6192
34568
4508
16429
70892
80898
33836
67241
68868
47917
63703
21022
16910
63730
55581
26081
29330
98451
29993
46547
58591
53468
97001
53638
73263
92849
7440
97521
51662
24600
55572
60859
18265
20367
61219
35021
2411
77482
92121
32677
56032
69706
56302
83438
80170
61399
50953
35514
57212
53557
96851
64978
89385
54919
29559
4713
50092
15303
36298
54352
7062
94570
54739
37824
73504
90960
31929
86357
36384
39206
79938
43688
62559
2573
78416
53050
15498
71630
83715
82556
47599
89757
30798
20141
47507
56378
45772
47050
53001
92373
58575
18169
66242
78192
20566
27073
56288
88474
88068
79224
71286
9823
29689
13844
36504
77484
20205
8559
60096
90302
25103
97553
36488
61880
97897
25621
30026
13789
54942
60063
45189
97319
94385
47353
36454
41539
79902
90873
36487
710
2376
92735
46837
30185
74894
83981
28983
98451
91555
97840
5508
45539
5721
8713
65722
2011
94967
76112
15690
81197
65671
3091
90618
80838
31349
1778
52559
43908
2810
91138
39446
45234
82689
32626
70201
15841
93382
93357
11709
99273
93946
3205
62901
54172
80442
39033
59543
1457
65232
92677
46639
92250
10921
33921
16834
42662
44661
16296
72719
51418
38284
17332
66826
73730
67761
4311
60898
87204
24239
59740
55177
17436
46924
2169
62734
21629
33590
84426
58730
81437
42283
46912
6279
6282
38169
69281
97526
98669
50755
89659
18062
29222
58005
49076
93557
1140
60596
23747
37940
32885
15030
29915
45091
11671
94877
86852
20329
27115
16773
58342
56355
31031
36019
77114
4590
6805
98983
94342
70080
97638
65294
78164
20677
87289
24422
68890
97980
29419
65267
43489
94034
87318
77502
62266
45653
95942
25336
1141
94265
24777
23389
38556
71331
16899
65067
430
87788
96753
76546
58182
45474
21223
5703
15575
25027
30230
28182
99662
53908
6035
49568
32094
54210
11729
38368
58219
88252
64282
24267
88093
60736
98597
20505
35301
96510
71255
99338
38130
11340
38293
75315
36021
73632
29221
83053
18093
45875
92274
29998
45793
51521
30240
50177
64530
71377
92233
10436
95878
69002
14968
53317
78871
43372
45921
73872
42181
50406
7777
2112
84359
91222
67720
63478
60407
16954
16985
99519
83610
78984
44122
78001
48166
8010
24776
41231
62797
33541
77652
96351
76129
9870
50537
21402
90472
63239
41591
29106
49765
18666
70056
60458
44885
73108
5059
22163
22991
89915
71453
13439
63750
86968
76744
56460
19757
66473
48578
60582
24377
31175
83053
9269
25727
95453
52495
75852
70231
80881
86244
49906
82025
57690
73019
7422
30349
51309
44359
64891
96945
47162
72047
28992
88858
60634
5804
9921
57436
62251
34519
72594
926
53778
5938
14871
52315
74877
70319
60568
59752
8603
10918
35780
67935
50757
97777
32051
34079
88722
58342
16504
91432
15171
98524
32034
92735
27587
9986
57260
76619
67101
26832
54236
49310
66470
55147
31401
76498
57889
50876
86352
70425
55006
46212
42769
54934
31814
59772
46172
21870
99758
16065
51062
1786
72060
14116
65133
33369
88709
12796
99203
53442
22214
55669
63552
86241
65265
89434
68015
55574
19416
42252
39181
40677
1057
26683
72858
86688
20985
22115
34486
11573
78977
76135
69844
40010
74655
35803
2178
36952
64699
37855
56811
26914
61890
17376
8550
56428
25607
47768
7654
14281
70353
92975
86609
83453
96800
41540
39796
77357
54114
3856
81162
90328
23844
13012
86355
65696
29384
92044
65998
21025
97830
49623
75211
51955
22588
69822
96850
21848
95200
74723
13753
8551
68833
95625
37534
37807
34384
67908
27449
60022
51935
40372
20374
40194
31554
78805
30318
41105
775
53077
65971
46553
56080
99866
39135
37649
41758
69489
86898
13860
74384
17239
18735
58896
93106
9541
68277
71554
580
2783
32275
34105
73073
8053
57706
7238
61512
34003
27923
20101
68160
28107
6685
74482
2105
62326
53520
25869
49689
95197
23677
51878
12787
8689
44207
41493
69743
45812
73700
48424
75362
6082
83489
15938
67540
16441
24116
26064
87395
59784
2142
20931
37148
59856
14743
22094
7236
44139
9582
3120
85662
10142
7486
1540
65171
37215
19542
48348
14581
45261
84444
8227
37298
12401
26114
54024
29796
95481
99228
10235
38529
25695
32700
94446
46469
95937
86864
10900
84773
54220
93138
55473
13795
98726
67822
74057
45553
49889
28256
35596
23111
45399
86151
93010
34651
12010
50479
34988
316
81312
44867
85879
22680
73976
73939
36665
62681
86406
171
6280
98116
36088
32798
92672
81556
96264
18196
18381
50433
46111
84915
72437
57411
37104
60420
59001
50496
53435
76146
94242
31026
94084
44769
8573
96328
97247
40302
20195
91050
1773
91734
46936
74130
86584
79915
30184
86253
51646
8264
54687
9694
54350
66821
5741
76125
29742
85428
89525
23029
30774
60439
85271
25722
12237
96850
37913
18034
38398
51052
46507
84715
24149
22973
26060
55979
27383
94364
14225
74190
52335
19125
26583
48984
97811
4956
76702
67443
2092
21874
93879
91560
73454
41545
35705
96621
82837
51087
2292
68854
10272
31448
5241
12781
48054
11882
40174
49877
10470
67506
6484
89929
60863
94416
38128
8339
77359
21968
85274
25033
36211
79760
67677
12464
36416
50575
63963
12152
43946
19922
12585
58875
42073
8394
14885
31631
90915
82991
72428
12486
31328
59319
14235
41239
8130
84448
92444
93313
91719
41184
89304
36114
74047
72272
10559
50158
27302
10404
40277
41738
21835
61533
98824
60171
90018
56217
56738
71016
82782
83487
58361
72239
95993
74457
67585
54783
73050
38893
11605
9608
19187
84590
94625
63547
53981
55955
28337
70362
24039
20318
81534
5533
89024
10576
57459
68748
45628
52294
75002
20106
44715
26129
2266
90016
91863
25543
94644
58517
50159
79338
19278
78711
16419
83536
70476
4896
48115
20192
41529
21966
50445
3677
90898
37222
88324
22894
192
59921
80609
65712
70778
32797
83712
72778
4251
69801
24770
52047
62488
86607
4713
25401
37881
77340
62044
37542
57211
12694
67013
62251
21511
95807
7429
70897
41658
94918
25006
70713
39663
9428
87292
18820
63470
4374
39065
76791
84723
53092
82758
85274
67262
96133
35067
5172
43297
30965
82258
70120
95885
49687
1238
38330
39094
19890
15831
68666
43625
40608
65894
83059
81616
28958
57978
50645
85703
92557
91654
53896
22867
32988
6442
66894
72266
42085
49200
97110
13800
74029
13352
6684
48457
12295
38834
42514
82064
42144
30871
80441
82599
83279
82986
71633
69767
61501
98636
28390
11507
50614
51941
25978
77201
7128
10196
54820
11719
58573
32115
42613
11074
49898
85389
88917
54873
61833
64205
68208
6356
34428
18808
87220
46348
11114
43403
101
78882
94187
92673
62194
23236
9482
83924
10090
6911
46192
11094
27862
84222
43052
43501
59779
69196
45675
46552
4148
28844
90798
88314
23689
97701
16692
53489
93105
50649
31643
52971
54531
52265
12581
27016
55573
51245
78256
97356
71540
73247
40806
67558
14577
1511
80457
76181
28808
13580
8910
50206
11508
65820
89519
86737
56046
88465
39725
57590
47891
90529
13948
58373
43867
42874
7135
90771
74655
57991
43545
11324
89912
25417
15582
25556
14930
75230
2127
26153
50959
36899
52701
57833
3403
68532
81072
94405
49923
53530
70966
56323
47739
70101
99815
68806
91647
96769
17655
46836
85042
90490
23506
17312
62619
81223
12094
97870
5816
96609
24832
17875
81684
62590
62013
6634
93925
69467
54426
43248
94002
57410
75804
70146
21514
38914
97425
74030
157
17787
78981
12202
71233
91561
81152
88081
60575
6675
18619
27896
793
84314
97795
23356
43842
73921
85276
6500
83760
24560
8896
15248
64367
25869
92245
44961
47597
98175
88668
98384
27482
63638
95479
73019
36966
40644
55401
33904
46969
79800
38792
61976
51128
46361
58876
9637
21384
13728
249
93939
98269
99904
76050
24570
79355
8167
3192
31174
21906
1241
23928
56284
66475
72626
49436
56571
50899
7429
56358
41447
99855
58762
38642
39941
21032
51370
1316
82202
54376
6058
60239
62041
66216
77439
9110
36414
49318
23636
52844
5802
92484
84791
56049
92883
3893
35168
12921
33956
79374
52192
52072
2026
84910
53972
8906
42664
32417
81185
57302
67015
76220
29553
41666
54876
38647
71269
61348
77544
36913
86611
4501
7933
44497
9540
76567
60371
97213
76720
29151
84685
23653
59659
6035
82383
4173
59369
87309
9648
15226
82298
32636
11719
48784
27023
17566
98789
6399
29303
92524
91408
20052
67696
65433
17087
14085
48495
39872
37390
16641
54823
15
42645
32268
22999
22255
81381
33947
45765
77091
81768
80616
33397
95220
85572
41885
19018
55147
41585
88655
74834
88494
99612
11993
27802
58505
36184
39306
12255
98380
85677
72015
64861
81601
31274
75782
70594
70458
18886
87042
44960
50713
66944
17130
99591
79025
89481
57775
74170
18208
62303
19483
2769
90527
50998
81743
2212
85282
74312
41505
15956
39124
86197
60595
35311
84034
61442
90828
14627
20674
88672
25391
36534
82257
2074
73309
88883
30164
84753
52170
59222
56324
19731
76888
96701
69583
76756
82362
30516
78053
28726
92821
43536
67473
758
78952
89314
2596
80523
56543
99819
91851
64963
9384
48988
53011
63984
79803
76845
74823
63120
59680
82236
94638
70263
73464
21064
2039
98103
78464
56614
80204
95692
30569
90776
91372
4552
97910
42885
14124
14955
35011
89877
19107
75789
22588
94643
46906
95754
66910
55937
72698
555
40352
88742
64148
48113
71671
23887
70513
79923
29256
57584
69688
48358
95836
90674
10059
26762
61009
50146
71890
94697
27966
42987
2425
6972
51302
5018
37918
20073
63742
14960
95140
919
8065
18843
41192
93759
5946
47414
54155
75872
75545
12996
30997
21022
64898
67480
81912
23965
99057
40732
58588
98453
19862
9142
24411
18885
23375
40936
85257
15671
48476
73837
37567
93116
37978
96194
63049
37555
23
42751
50316
45464
10485
53865
7163
2316
76560
94100
28214
31181
44562
63647
92113
60869
9588
30117
70106
8603
83650
5092
15499
3219
16887
23731
62615
2184
82047
57652
8439
33471
46534
44201
85053
73632
87049
10626
99195
88937
56645
39771
69977
9484
36830
17047
83551
49372
35691
15881
8054
41230
45536
67347
95676
75682
65637
38034
27045
43987
14640
53969
10739
38054
22957
41984
30750
98707
2117
25426
98532
48331
49022
82526
57355
90256
48166
56535
42428
82935
52096
64746
57895
61388
85438
52201
11484
73020
72201
76913
75092
56063
89786
28698
37495
62063
43792
78885
76041
72061
2222
2183
84522
86738
4393
42978
95627
60444
9104
46650
62391
91162
96567
12723
62103
64788
12321
59653
76629
39658
42386
27516
53827
32016
41966
28519
54920
63026
71162
65340
57033
42422
77906
89533
20289
34333
90857
28500
52166
785
40312
17638
80067
52396
41338
88683
44761
8740
11090
33531
46249
44129
63024
98878
27868
65957
86831
21254
31210
66758
52689
30356
54759
72028
36488
22992
35399
64723
66510
44200
67217
98748
74255
70275
90076
27636
90240
89544
96155
75175
92391
97176
28007
38111
1380
66023
63957
39142
7589
41480
71155
30090
3939
87155
56759
10424
28826
73934
86676
93114
21269
12826
9127
53012
12819
75316
28220
2136
70179
68644
34114
45413
11110
41289
54591
77446
50249
81942
24311
41732
26057
89239
6105
1969
45705
15442
31744
69282
32928
38490
20561
37645
6820
69522
31265
47755
32744
55911
49652
2058
12951
74641
78363
257
69631
9044
43143
52035
44500
30711
32622
30814
95867
99674
34633
45075
65689
3199
18918
90580
97249
35633
76549
48443
35305
28464
43646
3995
7657
51887
80943
26208
38883
757
98650
28100
628
66345
95082
24204
87127
66561
15048
32244
94914
1052
77940
68624
90439
59760
20778
5131
62450
68782
51382
27251
98303
56894
57647
51944
2479
70227
79357
92184
82512
42080
38135
17893
69671
70152
9865
4820
76703
65525
13014
98448
46161
14412
43227
20082
40616
92314
76097
61374
1750
99533
88956
95091
9939
50642
34207
55445
37236
37695
86025
11826
70079
95880
54642
64027
59534
96190
24320
17886
30915
98523
75929
42298
79361
9582
87700
62862
21108
50678
21461
43227
18260
89795
34653
97373
73294
24583
59061
81727
42476
99810
28802
20561
79840
20175
13267
42533
33470
89211
64584
70669
26491
83967
68200
96177
87086
68303
20044
61229
79601
90326
88540
67819
47634
67340
2462
56940
9132
92011
6706
56290
74302
5707
80378
94585
61152
52919
4508
19254
42861
47427
20351
57092
85088
71832
33109
88842
32285
14710
56325
791
40325
44203
69830
68536
62369
77823
81921
44950
10478
56080
2946
94538
14849
51249
78908
35897
64996
19776
88499
8030
48959
86236
62737
50768
18142
8912
7039
70171
11680
67149
20048
38939
70280
28804
21313
63081
82501
61052
63401
53103
25531
23499
18417
99260
59310
3096
26076
87695
94158
57707
61520
31209
95303
76592
77559
71519
98375
13805
4373
10007
32723
30156
50028
31166
36514
14037
78441
50859
27287
96032
99456
18872
47828
70677
46948
92047
11663
63147
47942
85898
2961
71418
52405
71195
11256
86774
7333
13562
95529
71235
10446
79868
63427
52818
40775
60670
76201
20219
77203
47933
22830
41560
91794
89165
82085
64956
48745
17600
73114
65750
36622
13086
4979
53840
86473
91588
29437
36044
65825
884
80073
29569
57268
83514
28613
17297
77096
5813
56535
30913
34734
29947
41145
4157
21876
27518
52895
81592
25263
91943
68075
9338
56838
89815
93967
13710
55038
22466
16663
20403
69952
5316
39327
56606
82462
2480
90392
15701
98868
88601
32724
23541
50042
10868
9215
37860
56104
91410
32162
74038
49672
58527
24588
30692
23482
63916
69226
89090
52921
35856
89922
56043
35342
41441
60827
63807
42382
95345
59918
62103
24519
20814
18771
99472
81511
4497
92879
61412
96983
88086
8341
88435
63053
57642
63132
98675
25547
63031
129
51363
52413
76288
38396
49891
95434
56479
54896
368
6239
31681
6287
72332
24850
47149
81683
38101
21097
39803
60439
929
11268
76240
92516
9803
38189
81104
54332
50712
34948
22430
78512
1805
56912
25065
82532
67000
54721
90517
39027
61448
19205
52241
16722
36475
40139
64424
76670
75465
56587
7630
19045
66336
26934
33394
9079
36077
14267
178
13995
46532
33673
5062
10268
29934
78748
53613
45273
69371
10175
45024
39673
99176
82191
52393
21984
59912
93178
93108
97512
5976
37870
75530
4774
48561
7216
77091
87701
28334
96785
62008
70095
17490
46193
29034
94722
34525
19718
17293
26525
13208
81212
79688
21673
31402
63072
13871
34869
50648
36759
78941
4905
71603
14867
4062
4273
63767
71085
63694
54316
97025
5759
44354
69749
59653
87879
55750
28228
75025
58005
81779
80571
47758
90448
11163
33719
83132
39797
2918
36239
3840
45030
84849
141
76380
88575
84298
87997
91520
34906
73362
29992
54840
86012
85334
1562
28858
22019
31826
4352
57032
62334
6683
3538
70889
19168
60124
19841
16712
9285
4283
96515
8486
35482
13346
37253
3775
76290
1583
66620
84887
26110
80056
63774
24752
37664
16604
86326
33585
75878
59219
28842
22121
94328
52984
41700
53921
24945
23270
9914
25946
28005
17658
81278
40931
45182
28199
59331
32949
93308
22136
72770
5387
43686
3960
78940
48542
8387
10001
3255
63745
37249
13912
14425
26476
64869
4501
31119
21053
49916
20050
14088
84967
38293
32699
93892
21174
10186
87675
6121
24827
89886
63651
34957
23943
78707
98852
85197
74869
89385
22745
90061
56467
56722
42459
83284
89416
52665
36029
96268
89660
1685
83418
67540
44080
85370
72022
79875
99202
67850
93313
24365
22876
91428
13893
57083
91042
75494
21198
16448
99076
91559
56940
35268
89516
44788
61096
45488
32683
39646
53423
71144
11721
16982
34191
81408
9750
81256
35260
36264
73512
71403
95501
20447
68702
93128
38420
51389
2053
94176
11389
37066
93942
14596
37953
65210
79520
83678
76236
54861
24622
11149
2851
35505
77582
86493
56167
54260
35993
58763
64093
39216
59340
38304
98109
89245
8598
55629
53885
16179
96696
80713
33558
27841
26864
89348
9629
68390
38602
59608
51663
53850
85359
97286
13648
20694
7399
5602
46472
11922
36295
8067
52805
33084
88414
14076
53620
98987
14920
92285
82922
19570
10263
79775
60883
46410
84691
85800
63395
65660
64074
35658
14047
4061
51285
88387
99212
78627
93210
4858
96834
22351
27648
75864
98377
60157
47027
54553
61295
43863
76570
76590
94956
47656
83343
24457
75089
96047
39486
54780
83848
29323
39765
55891
74033
70004
9175
17503
11291
85926
61421
71432
57506
9281
43178
23980
5069
47575
54683
35439
44947
36342
64624
75783
50914
30339
8827
78787
36171
32803
67507
4574
81100
66396
21712
7475
57365
96679
68934
62316
14413
12621
82839
49364
47789
40782
51550
19843
59871
7119
25691
53896
81472
31758
59162
87036
91158
22707
29739
30724
30551
28600
6289
26390
88754
81436
52469
56250
20313
41040
32401
75774
91598
72814
47726
75047
43187
60799
13568
34612
67094
94185
8323
83150
61077
18851
89217
95093
67421
68951
87120
40897
37254
37711
13470
75809
52405
70080
91300
29230
39321
13544
90797
97693
98759
47142
52296
55170
10128
20
81042
80693
95622
66219
59332
29993
26449
7597
35951
37675
55427
25997
19893
81178
32791
68632
27048
63462
14976
40464
6891
83747
93310
81937
47653
12396
34119
3772
51818
95528
55383
30709
12449
42326
17450
89625
10295
26170
21472
19745
38896
25694
54122
68691
40020
7856
35024
59748
7882
98604
39452
7075
37308
77596
40438
54621
46658
3086
10552
94841
2761
36504
84648
50442
39434
42418
75482
28595
21973
84982
57668
77427
58173
45214
21048
95696
85712
45653
35699
37871
50203
3155
52769
58449
40409
13174
33450
17653
80217
9379
30251
58441
80353
70722
78876
618
76924
40054
51337
81419
43123
62311
53003
29823
62193
43663
6667
77128
93362
61243
21997
59965
69302
69830
83972
96014
37126
84035
94612
85533
23070
65226
14962
17086
70336
38618
78417
50077
3106
67412
60310
411
84100
49201
12745
1780
79982
84305
45078
45912
78492
58597
23834
64264
81226
55400
40912
16699
17803
72917
22605
43707
79578
77993
64064
14812
93915
83633
80022
61548
86316
66423
25689
79652
3786
18280
79530
20687
38226
88855
45834
80984
86084
46117
42817
82826
70271
81611
13148
34071
7489
41509
24865
53525
79752
55860
55446
84008
8283
52689
81295
28772
92202
57983
85149
19623
16882
97600
49922
82138
15483
26800
30250
13352
14208
91196
45323
31814
7641
69574
61597
77709
73690
5770
14673
47766
42012
53645
27439
5591
56366
60604
47722
69711
79368
3929
99097
16872
75206
43617
78948
7229
91022
57718
97434
12914
62545
82676
85443
35760
38901
75963
7386
38538
93713
66657
81139
81653
96914
57318
15927
39976
49717
64934
17120
53038
23490
85076
27187
32864
84214
56171
42518
7591
98650
72047
80859
96186
48922
80310
5378
72697
71914
10037
94280
44396
4433
8502
20515
42952
77709
55281
51674
62439
23206
56349
46536
57507
12986
15946
84950
88845
24618
20015
15881
48360
41076
45706
29250
11834
75972
30355
74868
85993
3538
11795
57551
33359
50340
82990
4850
70235
62967
49660
67823
3321
1350
34655
98654
70130
34945
18507
56297
31267
61482
23861
21374
554
24396
44140
69347
16416
74308
74634
64252
41129
8941
3115
6078
32087
85957
9315
22733
58721
33173
45195
26298
95066
78751
60438
15554
57064
8453
25493
57684
70732
10746
59728
33600
89322
30159
83771
61801
42693
52288
40153
68639
62970
35553
61174
41290
36364
18060
8308
7600
52804
13826
54303
25796
11518
90638
43440
19825
6773
14150
83429
37152
52685
44286
88631
9091
35882
88012
49177
18391
32838
11965
1555
61445
17300
70977
34057
32359
64679
95514
24084
76128
65166
77447
96380
27585
12321
15843
35441
75576
85054
94575
28467
63128
47403
80073
34838
2259
15659
60120
92252
76905
90610
61593
54558
82954
83720
2651
47888
11708
38031
34324
69335
75581
21911
84399
85072
85629
22550
21750
46750
26453
35960
99605
99997
60362
83370
23229
1487
14274
50401
1504
49145
83395
98351
13656
77107
10284
38334
36791
89046
71654
59399
50835
82770
79390
70242
8913
16335
60975
99532
21708
33017
28233
15208
71471
76838
74131
7607
37994
18041
37479
40061
33040
31341
41288
70946
91889
9915
41194
52800
54404
87233
5770
12959
9099
93331
62660
47496
88162
61114
68041
31238
99094
26330
3785
29216
59237
60198
23710
37528
48098
22175
21077
45594
53524
94683
11760
39900
3052
38229
99732
65413
11109
32094
64535
96035
49855
56610
17074
19899
95628
26790
39786
57412
21268
78727
69169
13297
32186
81989
26405
11252
80020
30462
166
8243
51230
57669
90324
84368
2355
84963
29896
31950
55002
11306
25963
2613
38334
38211
87986
58330
88553
79845
23042
19799
56027
90541
24114
46695
47248
70303
95942
73282
15025
32072
74017
81515
10928
36968
70505
94624
58800
34918
66099
11441
14623
67539
22545
92261
60638
27503
58750
66728
4892
99086
33097
53164
43978
69428
79637
60116
61769
76419
52844
83810
29001
22523
75404
89897
86429
45267
40113
61684
12544
86150
990
48685
31425
1007
14783
55331
4025
65087
25735
42834
14569
65772
14117
57052
94369
15148
62437
12933
99917
98952
70783
72094
56458
33485
59185
33163
66497
26467
1045
24471
51694
35309
76834
14988
5639
69660
54552
93702
31647
61996
54321
75427
43045
81723
43101
30150
75942
88913
85703
52093
63594
22176
20310
87454
25612
75454
2892
34638
49511
53244
17589
52240
9708
42329
23556
34413
83219
72629
76165
54537
30039
46008
51057
48315
53354
4499
23428
30951
61902
59952
67474
57666
44190
140
47980
67644
98761
93259
30288
54014
47684
5849
61115
41320
20756
89966
39762
81887
53964
50797
87431
22552
44895
36367
86967
28865
729
12189
61265
90914
58000
50181
73925
12302
49600
86508
77297
74026
14123
97887
84538
18331
20892
37063
15093
711
88663
8647
41196
5601
40715
60081
99694
96267
80735
9544
47408
30179
29112
70819
46217
23232
86161
42918
15497
41426
63867
22065
56308
41788
66460
55961
48811
23630
9169
51096
12860
92296
37529
18971
22366
27348
85782
38945
30625
66849
3222
48666
13359
35804
5215
25552
84799
81948
41342
59888
84450
25291
91060
61226
90227
63236
60450
36106
21165
627
72882
14965
20905
91726
49971
75967
36784
90980
91159
55536
27069
44917
30063
75131
74301
49415
97545
2434
85743
5847
26773
56796
80225
21523
30778
2349
21825
79895
93612
11576
80105
39634
65782
16831
91573
78908
38500
10499
6582
62683
90859
26445
37122
6814
12266
33312
2428
11989
68223
30951
30502
20287
8451
48792
30490
9014
86544
13209
28746
76691
75720
68313
89536
49437
39731
72186
52273
63725
52084
35431
39490
83359
99809
6818
74249
60289
8658
52367
7267
93246
76138
92441
50511
32258
68695
32593
51634
88976
51902
47211
37614
96344
11258
78184
65465
92619
27237
73410
60051
20548
89518
48699
86027
6625
32850
88538
74628
26778
8267
88932
94977
85400
53549
85328
71190
26647
97004
68400
1446
59434
60353
72112
22703
45750
71967
86895
58867
91831
21065
97653
32750
64033
70391
53611
98469
90450
65393
89524
99682
76600
88667
80352
30403
42234
46806
8958
11157
38298
8561
59912
94366
27683
44645
72291
76213
37074
76770
33922
66358
92412
63628
4230
10906
71134
28496
21082
544
77252
73250
14126
26504
28907
6702
69730
24705
26059
25812
17800
26696
37929
19055
37411
42301
47884
15546
42061
20138
13476
75862
71024
22826
77292
88664
47146
39502
87184
94966
20651
32075
26282
83921
25088
9302
88265
58347
40159
66579
21191
34734
45799
37579
16756
28412
88850
52166
11970
98120
72068
34994
90985
5752
60663
29856
7676
31353
65552
54992
24641
68952
66229
7766
43733
8405
3296
3449
16640
36869
92751
14137
96912
5406
57001
31974
24787
25237
31761
22645
86762
30425
17209
94849
51334
1342
36455
3866
78255
11795
65614
92378
9524
23291
75599
62929
36226
53408
60757
36434
96867
52148
89511
93607
28871
10440
26687
98775
9220
45886
60583
51102
86233
80800
61997
98858
9491
86114
5122
19817
92426
77860
99573
44978
12407
21045
88165
96256
24484
94675
79518
71326
83549
24348
81927
5453
93022
77547
62135
17091
92320
11184
12288
35030
19798
70303
60817
69459
39927
37058
63014
15956
65600
7095
36574
96791
11613
65979
90623
33234
87607
73457
96402
89951
22681
20656
28978
61438
50228
19514
99189
89367
53254
53632
64962
64428
92371
54166
68536
35639
32104
79884
98333
50755
92088
9415
92519
48053
58557
26064
3988
43052
19320
45286
48686
84278
11603
75663
30755
8673
65406
59754
82452
38210
38786
94332
17872
78894
77298
73764
89894
10976
7957
59601
83837
43148
74530
50502
15486
72415
53721
38726
37472
26769
63779
65645
86274
30806
30064
26207
51713
63469
79959
14689
1721
98575
14580
89793
60227
16765
96722
12821
93605
13647
3662
36499
6833
75177
40551
82903
46492
44848
87956
55806
89446
13300
85699
93859
81519
3266
38841
19139
8406
39461
49919
78673
82122
228
36734
23312
67880
19785
50137
548
63766
3542
73518
56242
3284
16923
97705
75613
43480
4382
73087
22750
48996
4021
45558
98035
67620
20513
61218
76652
32376
70604
14042
97352
37037
62123
18012
61331
74583
55091
19787
47236
79425
41929
93478
93283
95099
78150
510
92794
57903
84669
22130
94542
9387
93537
54579
90049
90215
10673
9676
81540
32130
66551
61086
97440
4943
38780
50219
81516
37846
35440
31896
99512
49033
5779
1057
61146
38107
84692
16191
66962
79696
31243
45386
12782
84520
24883
82245
5379
79041
18375
98750
99128
48079
31513
63711
9597
17023
92618
68565
24061
71139
58649
21126
71318
10877
38946
71059
79668
87691
92631
63586
43067
34519
53826
6915
40306
65367
55841
98443
72718
34018
39886
88029
52314
62566
87999
98364
63323
14680
92778
87386
65611
61717
69113
12227
32592
60528
55991
86790
89507
43555
79586
19999
39864
44147
44777
26418
13592
91543
54264
21935
3608
83347
32607
94517
96798
52638
38471
18470
98780
29831
79172
82690
30844
4494
51321
30427
87449
79878
77020
67122
8457
47651
20997
65441
44242
92055
22987
987
24267
62766
82575
63963
80508
95947
93677
80298
8110
25842
80434
41339
78433
59870
81931
39999
56965
40353
83519
56490
12175
26678
37755
4747
96121
81452
72958
89592
16570
21123
26831
39335
99870
85455
34305
21692
70708
81052
46382
2352
53888
9365
78620
29172
94780
25898
57382
74240
53407
54607
95460
71179
455
48457
84757
79594
59275
89380
81302
25089
74287
47296
85369
78786
52708
45006
38745
62861
25594
46685
11672
31846
82558
88915
49411
8042
24978
9063
68612
65626
53763
98868
28689
47458
86212
71642
56849
80328
52613
71936
34810
78577
47062
16416
41908
17943
2808
94667
93490
48685
50226
2313
38220
76498
51840
48995
60644
70560
8319
83933
38878
92813
27440
95265
51357
6591
95194
88280
28457
79790
31055
25784
41748
20239
49611
61768
68081
42362
41466
63526
96360
16271
15168
30572
80884
87504
7333
44122
84569
11766
73619
61333
82059
49259
35812
96868
65894
88518
50948
88979
11417
14830
44186
59907
41882
25513
2361
42120
94634
23869
23962
84956
8062
66468
87089
24343
64476
27878
27514
13964
30740
3487
1722
6444
23014
10982
11472
21112
87334
95472
26003
46947
7554
10713
62398
64425
1144
96339
38828
35517
79781
86526
83914
53659
6543
38978
71261
60159
74915
55099
17926
11963
15203
73138
91030
54950
19670
68291
67447
80511
60383
27018
51328
73239
10604
8407
26820
26151
30185
50420
51153
23526
309
38452
27593
7820
93723
75741
56249
25646
59930
35419
24257
87966
44670
54951
97383
93359
80602
35544
77551
104
16324
95384
94062
26164
85042
77491
44106
77125
77716
86224
68538
92571
4604
43612
61216
2784
32511
68158
27455
7834
85979
94326
89409
99118
200
43143
41967
79348
2093
75747
82018
15852
83849
10012
30520
70190
7657
96698
8038
57554
61378
62677
2737
32312
96792
40091
36179
9498
18591
52106
66881
68316
36119
96139
36309
66669
2226
84059
36145
80702
79349
3645
25258
70850
80652
64998
85996
96920
95781
40958
87872
42750
64229
34374
86227
31685
7435
30243
94507
90162
54124
87007
92060
16099
78971
30699
26731
72163
250
2526
374
28367
71366
42690
66964
22410
15469
32613
96760
64215
66888
62328
94159
82981
97468
81609
38406
64873
24563
89647
88018
1902
93122
58811
66041
47500
98304
19184
98922
71213
12668
24978
71794
26575
37817
21221
58685
98536
41453
6204
4268
73406
70149
29551
58365
55282
22818
9841
31722
59997
60077
70369
58994
89379
75694
67420
13146
42549
66869
65268
8987
41234
22662
96550
5755
54645
53595
38909
6600
38516
73320
22177
85642
99443
97729
9382
92524
34911
68351
96138
38790
44296
62174
7590
78870
24877
74646
25147
96536
14758
36489
54298
33504
47922
51791
72508
75711
16236
25451
22396
42012
74425
57122
87925
87062
99931
29550
57094
59210
72598
68149
32808
31821
50994
21431
46966
18376
56024
23730
30087
98423
59427
74597
80361
95870
28688
42922
94982
45117
38392
75762
52134
88153
32455
53474
14501
51904
85459
68696
21300
51551
7921
7850
67146
65288
80022
94735
59716
90965
53830
80567
47325
18246
81126
95900
12982
17623
73282
17860
23632
52288
29054
49902
39475
42966
90643
798
74189
46518
80618
24407
20836
43812
73242
54060
39485
41005
1472
72039
30483
71783
44240
73083
60136
6166
25038
74459
81049
60399
39541
23426
18893
97905
45728
52415
96631
71638
55593
96749
85166
46092
51165
54762
49843
61374
28252
45991
63939
62619
59628
24554
58392
14794
92774
56262
38715
88421
65935
63700
77784
24580
2930
1890
14729
81548
98668
48484
35151
92294
53783
88098
51266
4304
66048
72064
74675
30604
67174
61485
93159
26024
4339
47097
30833
16070
82859
72520
78476
90934
98779
91661
44390
9945
59459
36377
38005
45300
4203
96702
71284
39375
46205
56125
39561
46282
4218
75965
9010
77495
51907
75727
96646
83587
14436
95524
43009
82217
34638
33798
54329
84436
71981
75250
74099
41937
26340
92702
36444
59257
8704
29785
55980
65846
25067
95696
20793
74147
92611
59668
34298
15140
27989
51192
73402
42029
75362
91146
61337
91686
27681
23780
20134
96691
65312
9692
72690
61114
50067
35037
498
36949
39285
94800
93067
83359
52139
89120
50667
76514
65346
41143
44765
64653
23610
56819
84262
98469
21424
72797
77805
59869
93138
92152
86397
20385
56309
92532
62304
42448
69120
64709
89275
63144
27418
30964
39170
21701
81304
58215
85766
42706
12964
39794
63189
719
26734
89375
52537
1563
70562
7103
62039
18532
63874
65577
85854
41369
98897
44426
83051
7523
66405
3993
25192
