99997
99958
99950
99931
99927
99917
99904
99870
99866
99855
99852
99819
99815
99810
99810
99809
99790
99787
99758
99737
99732
99732
99731
99716
99705
99694
99691
99682
99674
99665
99662
99612
99605
99601
99591
99581
99573
99562
99562
99533
99532
99532
99519
99517
99514
99512
99512
99497
99486
99482
99477
99472
99469
99456
99452
99447
99443
99439
99425
99376
99369
99362
99362
99338
99311
99280
99273
99260
99256
99228
99212
99210
99207
99203
99202
99195
99189
99176
99159
99132
99128
99126
99118
99116
99114
99097
99094
99086
99076
99074
99069
99057
99026
99019
99012
99001
98987
98983
98955
98955
98952
98949
98945
98922
98905
98897
98879
98878
98868
98868
98866
98858
98852
98834
98824
98822
98822
98811
98792
98789
98782
98780
98779
98775
98770
98762
98761
98759
98750
98748
98726
98717
98709
98707
98683
98675
98669
98668
98654
98650
98650
98636
98633
98629
98615
98604
98597
98581
98575
98565
98543
98536
98533
98532
98524
98523
98469
98469
98459
98453
98451
98451
98449
98449
98448
98443
98429
98425
98423
98392
98387
98384
98380
98380
98377
98375
98364
98351
98344
98333
98304
98303
98301
98269
98209
98198
98178
98175
98172
98166
98121
98120
98116
98113
98109
98103
98035
98028
98008
98000
97998
97990
97980
97974
97968
97951
97928
97921
97915
97910
97905
97902
97897
97889
97887
97870
97867
97846
97840
97832
97830
97818
97811
97799
97795
97792
97790
97786
97782
97777
97759
97757
97748
97729
97713
97712
97705
97701
97693
97661
97653
97648
97638
97638
97601
97600
97584
97581
97579
97578
97565
97553
97545
97543
97538
97526
97521
97512
97488
97468
97445
97440
97434
97425
97421
97414
97383
97377
97373
97356
97352
97331
97322
97319
97308
97293
97286
97277
97272
97249
97247
97236
97236
97225
97213
97207
97188
97184
97177
97176
97173
97170
97115
97110
97087
97050
97028
97025
97021
97009
97007
97004
97001
96988
96986
96983
96963
96945
96920
96916
96914
96912
96868
96867
96861
96851
96850
96850
96834
96832
96800
96798
96792
96791
96785
96778
96772
96769
96768
96760
96753
96750
96749
96725
96722
96704
96702
96701
96698
96696
96693
96691
96684
96679
96679
96663
96646
96644
96631
96621
96609
96604
96567
96551
96550
96536
96515
96510
96498
96488
96479
96467
96467
96464
96441
96402
96400
96380
96362
96360
96351
96344
96339
96332
96328
96323
96278
96268
96267
96264
96256
96256
96234
96233
96223
96218
96208
96194
96190
96186
96177
96162
96155
96155
96139
96138
96133
96121
96102
96047
96037
96035
96032
96014
96003
96002
95993
95983
95981
95967
95954
95947
95942
95942
95937
95907
95900
95898
95886
95885
95881
95880
95880
95878
95878
95870
95867
95852
95843
95836
95834
95834
95832
95829
95809
95807
95781
95754
95747
95718
95717
95696
95696
95692
95676
95668
95662
95660
95645
95628
95627
95625
95624
95622
95549
95529
95528
95524
95516
95514
95501
95501
95489
95481
95479
95472
95460
95456
95453
95438
95434
95429
95401
95384
95345
95336
95313
95303
95289
95265
95262
95260
95251
95225
95220
95200
95197
95194
95182
95168
95140
95116
95099
95093
95091
95082
95080
95069
95066
95055
95046
95037
94998
94993
94982
94977
94975
94967
94966
94956
94953
94937
94921
94918
94914
94888
94877
94850
94849
94844
94841
94802
94800
94796
94792
94782
94780
94765
94758
94735
94732
94722
94697
94683
94675
94674
94667
94660
94654
94654
94651
94646
94644
94643
94638
94634
94625
94624
94612
94606
94591
94585
94577
94577
94575
94570
94542
94538
94534
94521
94517
94513
94509
94507
94507
94476
94473
94466
94446
94437
94428
94416
94405
94398
94398
94385
94370
94369
94366
94364
94342
94332
94328
94326
94319
94314
94302
94280
94278
94269
94265
94263
94242
94240
94227
94210
94187
94185
94176
94170
94159
94158
94147
94145
94104
94100
94084
94073
94062
94040
94038
94034
94019
94002
93995
93981
93974
93974
93967
93946
93942
93939
93938
93938
93925
93919
93915
93914
93892
93879
93877
93865
93859
93844
93803
93786
93779
93776
93761
93759
93736
93725
93723
93713
93702
93677
93677
93666
93642
93634
93612
93607
93605
93564
93557
93557
93556
93553
93537
93535
93519
93515
93501
93490
93478
93419
93404
93400
93397
93382
93375
93362
93359
93357
93355
93349
93331
93314
93313
93313
93310
93308
93296
93283
93259
93259
93258
93246
93232
93227
93220
93210
93184
93178
93161
93159
93138
93138
93128
93123
93122
93116
93114
93108
93106
93105
93067
93043
93041
93041
93026
93022
93015
93010
92992
92981
92976
92975
92966
92965
92951
92942
92927
92914
92883
92879
92870
92849
92831
92821
92813
92812
92794
92790
92788
92782
92778
92774
92765
92751
92735
92735
92735
92702
92679
92677
92673
92672
92672
92656
92631
92619
92618
92611
92600
92590
92571
92567
92557
92548
92532
92524
92524
92519
92517
92516
92511
92484
92444
92441
92432
92426
92413
92412
92391
92383
92378
92373
92373
92371
92368
92364
92320
92315
92314
92296
92294
92285
92274
92263
92263
92261
92252
92250
92245
92233
92209
92208
92204
92202
92184
92175
92152
92137
92133
92121
92113
92089
92088
92061
92060
92055
92047
92044
92013
92011
92007
91964
91943
91891
91889
91865
91863
91854
91851
91835
91831
91805
91794
91785
91744
91742
91734
91726
91719
91704
91691
91686
91685
91661
91654
91647
91630
91617
91603
91598
91588
91575
91573
91568
91561
91560
91560
91559
91555
91543
91540
91520
91516
91483
91457
91452
91443
91442
91432
91431
91428
91413
91410
91408
91405
91403
91390
91386
91372
91365
91343
91300
91283
91279
91274
91245
91222
91207
91203
91196
91167
91162
91162
91161
91159
91158
91146
91138
91124
91112
91106
91104
91072
91060
91050
91049
91045
91042
91030
91028
91022
91011
90985
90980
90973
90965
90963
90960
90934
90931
90915
90914
90898
90892
90886
90876
90873
90872
90859
90857
90856
90828
90826
90798
90797
90777
90776
90771
90756
90723
90711
90704
90674
90673
90671
90643
90638
90638
90631
90623
90620
90618
90610
90591
90586
90580
90566
90541
90529
90527
90524
90517
90507
90490
90479
90472
90467
90467
90456
90450
90448
90445
90439
90438
90428
90426
90392
90383
90366
90354
90328
90328
90326
90324
90302
90271
90261
90256
90249
90244
90240
90235
90227
90215
90198
90195
90162
90110
90084
90076
90068
90064
90061
90049
90018
90016
90014
90001
89993
89987
89969
89967
89966
89951
89949
89929
89922
89915
89915
89912
89906
89900
89897
89894
89894
89890
89886
89877
89877
89859
89856
89825
89815
89800
89795
89793
89786
89783
89779
89770
89757
89757
89748
89748
89715
89706
89683
89662
89660
89660
89659
89647
89644
89625
89602
89592
89561
89548
89544
89536
89533
89531
89529
89525
89524
89519
89518
89517
89516
89516
89511
89507
89481
89455
89446
89436
89434
89416
89416
89409
89408
89405
89401
89385
89385
89380
89379
89377
89375
89367
89348
89335
89322
89314
89304
89302
89299
89275
89265
89260
89245
89243
89239
89225
89218
89217
89211
89180
89165
89132
89120
89118
89107
89106
89106
89093
89090
89086
89076
89075
89066
89058
89056
89046
89035
89031
89030
89027
89024
89005
88997
88994
88979
88976
88974
88968
88957
88956
88956
88955
88937
88935
88932
88917
88915
88913
88902
88899
88894
88883
88882
88879
88858
88855
88850
88845
88842
88839
88810
88803
88788
88778
88766
88763
88759
88754
88742
88737
88727
88722
88709
88691
88689
88683
88672
88669
88668
88667
88664
88663
88655
88648
88643
88631
88601
88599
88594
88584
88575
88560
88553
88551
88548
88540
88538
88518
88499
88494
88482
88474
88474
88466
88465
88461
88451
88447
88435
88421
88418
88414
88387
88373
88360
88324
88314
88302
88300
88290
88285
88280
88265
88259
88252
88233
88223
88196
88182
88165
88162
88158
88153
88131
88122
88098
88093
88093
88092
88086
88081
88068
88053
88052
88043
88029
88019
88018
88015
88013
88012
87999
87997
87986
87985
87968
87967
87966
87961
87956
87952
87925
87906
87881
87879
87877
87877
87872
87799
87788
87763
87754
87753
87738
87701
87700
87695
87691
87679
87675
87650
87647
87644
87630
87610
87607
87603
87572
87563
87536
87508
87504
87502
87495
87454
87449
87431
87395
87386
87383
87367
87349
87347
87335
87334
87318
87312
87309
87301
87297
87294
87292
87289
87240
87233
87220
87204
87201
87186
87184
87169
87159
87155
87151
87151
87146
87145
87134
87132
87127
87124
87120
87098
87089
87086
87062
87049
87042
87036
87007
87007
87006
87004
87003
87002
86984
86971
86968
86967
86938
86936
86931
86902
86901
86898
86895
86893
86891
86864
86852
86836
86831
86807
86799
86790
86774
86762
86757
86738
86737
86690
86688
86676
86664
86641
86640
86616
86611
86609
86607
86597
86592
86584
86576
86554
86546
86544
86526
86508
86493
86487
86485
86473
86462
86445
86429
86411
86406
86397
86373
86357
86355
86352
86326
86320
86316
86302
86298
86280
86274
86262
86253
86252
86252
86244
86241
86236
86233
86227
86225
86224
86215
86212
86197
86190
86181
86176
86172
86161
86151
86150
86146
86134
86114
86108
86086
86084
86080
86075
86031
86027
86025
86019
86012
86003
86001
85998
85996
85993
85987
85984
85984
85979
85957
85930
85926
85898
85879
85872
85854
85847
85804
85802
85800
85796
85796
85782
85774
85766
85760
85743
85740
85712
85705
85703
85703
85699
85697
85677
85676
85662
85658
85642
85636
85629
85619
85601
85575
85572
85560
85547
85547
85545
85533
85531
85517
85516
85484
85478
85470
85459
85455
85443
85438
85428
85400
85389
85380
85371
85370
85369
85367
85359
85352
85349
85349
85346
85334
85330
85328
85316
85312
85282
85279
85276
85274
85274
85271
85258
85257
85223
85197
85184
85166
85166
85149
85130
85094
85094
85088
85088
85076
85072
85054
85053
85045
85042
85042
85040
85017
84995
84982
84974
84967
84963
84956
84950
84926
84915
84910
84887
84849
84849
84827
84799
84791
84773
84757
84753
84723
84715
84692
84691
84685
84680
84669
84669
84648
84637
84630
84616
84596
84593
84590
84569
84538
84522
84520
84498
84450
84448
84444
84442
84436
84436
84426
84399
84397
84397
84374
84368
84359
84351
84322
84315
84314
84305
84298
84293
84286
84278
84268
84262
84248
84227
84222
84214
84202
84192
84192
84147
84124
84115
84105
84100
84059
84058
84035
84034
84022
84022
84008
83990
83982
83981
83972
83971
83967
83955
83942
83933
83933
83924
83921
83914
83913
83903
83861
83849
83848
83837
83810
83810
83798
83772
83771
83760
83751
83747
83720
83715
83712
83678
83671
83661
83650
83636
83633
83633
83625
83610
83599
83591
83587
83560
83551
83549
83545
83541
83536
83522
83519
83517
83514
83503
83502
83489
83487
83466
83453
83438
83429
83429
83418
83395
83387
83382
83370
83367
83360
83359
83359
83348
83347
83343
83328
83321
83315
83302
83300
83300
83284
83279
83248
83238
83219
83210
83182
83177
83168
83158
83157
83150
83149
83148
83132
83117
83104
83089
83082
83079
83061
83059
83053
83053
83051
83044
83019
83002
82992
82991
82990
82986
82981
82977
82966
82954
82942
82939
82935
82927
82922
82903
82879
82869
82859
82853
82843
82839
82837
82826
82809
82782
82770
82758
82736
82711
82707
82690
82689
82676
82662
82648
82618
82617
82615
82610
82601
82599
82575
82565
82563
82558
82556
82532
82529
82528
82526
82512
82501
82499
82478
82478
82470
82462
82452
82424
82420
82413
82386
82383
82366
82362
82353
82349
82327
82300
82298
82258
82257
82245
82236
82217
82210
82203
82202
82191
82190
82138
82137
82122
82100
82098
82085
82085
82064
82059
82059
82048
82047
82025
82022
82018
81989
81989
81954
81948
81942
81937
81931
81929
81927
81921
81912
81910
81894
81887
81887
81878
81858
81843
81837
81831
81824
81779
81769
81768
81745
81743
81727
81723
81684
81683
81653
81648
81643
81637
81616
81611
81609
81604
81602
81601
81592
81556
81548
81540
81534
81519
81516
81515
81514
81511
81511
81491
81472
81452
81443
81440
81437
81436
81427
81425
81419
81409
81408
81402
81381
81367
81312
81304
81302
81295
81288
81278
81275
81274
81256
81226
81223
81220
81212
81197
81190
81185
81178
81172
81172
81167
81162
81152
81145
81139
81126
81110
81106
81104
81100
81072
81070
81057
81052
81052
81051
81049
81044
81042
81028
81028
81027
80990
80984
80983
80973
80957
80943
80919
80907
80905
80899
80898
80884
80881
80879
80871
80859
80852
80838
80800
80783
80769
80756
80735
80727
80713
80702
80693
80652
80639
80618
80616
80614
80609
80602
80600
80590
80574
80571
80567
80526
80523
80511
80508
80496
80488
80457
80443
80442
80441
80436
80434
80411
80407
80392
80378
80375
80361
80353
80352
80337
80335
80334
80328
80310
80298
80289
80282
80274
80269
80268
80236
80225
80222
80219
80217
80204
80174
80170
80159
80115
80110
80109
80106
80105
80100
80080
80075
80073
80073
80067
80056
80055
80052
80035
80030
80029
80022
80022
80020
80004
80002
79997
79987
79982
79962
79959
79938
79927
79926
79923
79915
79902
79900
79895
79884
79883
79880
79878
79878
79877
79875
79868
79845
79840
79839
79838
79813
79803
79800
79792
79790
79781
79775
79765
79760
79752
79748
79742
79728
79725
79702
79696
79688
79687
79676
79668
79652
79637
79636
79634
79633
79626
79601
79597
79594
79586
79578
79530
79520
79518
79507
79472
79451
79444
79425
79422
79419
79402
79400
79390
79381
79374
79368
79361
79357
79355
79349
79348
79344
79338
79275
79260
79251
79224
79210
79205
79193
79175
79172
79162
79157
79149
79098
79094
79092
79068
79061
79060
79053
79041
79040
79027
79025
78991
78984
78984
78981
78981
78977
78971
78962
78952
78948
78946
78941
78940
78912
78908
78908
78897
78895
78894
78887
78885
78882
78876
78873
78871
78870
78868
78832
78805
78787
78786
78776
78766
78751
78748
78743
78740
78727
78712
78711
78711
78707
78681
78680
78673
78668
78665
78655
78627
78620
78614
78606
78589
78577
78565
78564
78557
78512
78511
78506
78504
78492
78476
78473
78466
78464
78453
78441
78433
78431
78417
78416
78363
78360
78358
78355
78335
78306
78294
78278
78266
78256
78255
78255
78248
78243
78229
78192
78184
78164
78150
78149
78133
78130
78091
78085
78070
78067
78053
78035
78028
78001
77993
77963
77960
77940
77914
77914
77912
77910
77906
77902
77880
77872
77860
77859
77824
77823
77822
77805
77784
77766
77716
77709
77709
77706
77688
77679
77670
77652
77639
77638
77610
77596
77582
77572
77559
77551
77547
77544
77541
77538
77533
77529
77515
77512
77510
77502
77499
77495
77491
77484
77482
77473
77472
77447
77446
77439
77430
77427
77414
77402
77400
77359
77357
77353
77352
77340
77340
77334
77333
77324
77298
77297
77292
77284
77266
77256
77254
77252
77241
77232
77212
77211
77203
77201
77201
77185
77169
77163
77157
77149
77143
77135
77128
77125
77114
77107
77101
77096
77092
77091
77091
77079
77054
77051
77038
77033
77020
77007
76992
76979
76977
76976
76936
76932
76926
76925
76924
76913
76906
76905
76888
76865
76864
76855
76852
76845
76838
76834
76803
76791
76773
76770
76763
76756
76754
76744
76720
76710
76708
76703
76702
76699
76693
76691
76670
76660
76656
76652
76639
76629
76619
76603
76600
76592
76592
76590
76570
76567
76560
76559
76549
76546
76532
76514
76513
76506
76499
76498
76498
76483
76469
76457
76451
76440
76433
76419
76385
76380
76353
76331
76290
76290
76288
76283
76274
76263
76240
76236
76226
76220
76213
76201
76199
76183
76181
76167
76165
76146
76146
76146
76138
76135
76129
76128
76125
76112
76099
76097
76081
76050
76044
76041
76026
76025
76021
76016
75974
75972
75967
75965
75963
75954
75942
75940
75929
75902
75894
75887
75884
75878
75872
75864
75862
75852
75842
75819
75809
75804
75789
75783
75782
75779
75774
75762
75747
75741
75740
75736
75727
75720
75711
75694
75682
75663
75613
75601
75599
75587
75583
75581
75576
75545
75543
75530
75513
75494
75483
75482
75482
75478
75472
75465
75462
75454
75450
75427
75404
75400
75382
75381
75362
75362
75357
75355
75316
75315
75269
75255
75250
75247
75230
75230
75213
75211
75206
75189
75186
75179
75177
75175
75172
75169
75131
75092
75089
75072
75050
75047
75041
75037
75025
75013
75002
74947
74915
74913
74904
74902
74895
74894
74877
74869
74868
74834
74823
74816
74757
74750
74739
74723
74721
74705
74676
74675
74655
74655
74646
74641
74634
74628
74627
74623
74597
74583
74566
74530
74521
74499
74493
74487
74482
74473
74461
74459
74457
74450
74425
74393
74390
74387
74384
74361
74360
74334
74325
74322
74312
74308
74302
74301
74294
74287
74255
74249
74240
74213
74198
74190
74189
74170
74167
74147
74131
74130
74099
74097
74096
74057
74047
74042
74038
74033
74030
74029
74026
74017
73985
73976
73939
73934
73925
73921
73912
73911
73903
73892
73878
73873
73872
73857
73837
73824
73798
73764
73755
73740
73730
73710
73700
73690
73683
73677
73677
73643
73636
73632
73632
73619
73616
73518
73512
73504
73497
73464
73457
73454
73441
73425
73422
73410
73406
73402
73401
73383
73372
73362
73337
73328
73320
73309
73307
73298
73294
73293
73282
73282
73264
73263
73258
73250
73247
73242
73239
73224
73179
73173
73138
73114
73108
73094
73094
73087
73083
73073
73058
73050
73029
73020
73019
73019
73017
72975
72958
72923
72917
72907
72883
72882
72858
72851
72851
72814
72799
72797
72782
72778
72770
72752
72736
72729
72719
72718
72698
72697
72697
72690
72652
72632
72631
72629
72626
72604
72602
72598
72594
72584
72573
72563
72542
72538
72531
72530
72525
72520
72509
72508
72468
72460
72444
72437
72428
72415
72367
72353
72345
72332
72332
72324
72318
72291
72282
72280
72276
72272
72266
72239
72238
72201
72199
72198
72188
72186
72184
72163
72152
72112
72102
72094
72071
72068
72064
72061
72060
72047
72047
72044
72039
72032
72030
72028
72022
72015
72010
72010
71987
71981
71978
71973
71967
71957
71955
71944
71940
71940
71936
71933
71914
71907
71890
71890
71877
71873
71832
71819
71794
71783
71782
71775
71761
71699
71686
71671
71654
71648
71642
71638
71633
71630
71603
71597
71580
71554
71540
71519
71495
71473
71471
71455
71453
71432
71418
71416
71403
71377
71366
71356
71331
71331
71326
71325
71318
71289
71286
71286
71284
71282
71279
71274
71274
71269
71262
71261
71255
71254
71248
71243
71235
71233
71232
71227
71213
71206
71195
71191
71190
71179
71162
71155
71144
71139
71134
71130
71091
71089
71085
71073
71059
71055
71054
71041
71037
71024
71019
71016
71012
70993
70977
70976
70966
70946
70944
70897
70894
70892
70889
70885
70877
70864
70854
70850
70824
70819
70817
70816
70812
70794
70783
70778
70774
70772
70768
70739
70732
70722
70713
70708
70677
70670
70669
70658
70631
70614
70604
70594
70593
70567
70564
70562
70560
70550
70535
70522
70513
70513
70505
70495
70476
70460
70458
70456
70425
70391
70369
70363
70362
70353
70352
70336
70326
70319
70310
70308
70303
70303
70281
70280
70275
70271
70266
70265
70263
70242
70235
70231
70227
70219
70201
70201
70190
70179
70171
70158
70154
70152
70149
70146
70130
70130
70121
70120
70113
70106
70101
70097
70095
70082
70080
70080
70079
70078
70061
70056
70055
70029
70004
69977
69975
69952
69939
69933
69929
69923
69917
69870
69856
69844
69830
69830
69822
69818
69818
69801
69788
69767
69758
69750
69749
69747
69743
69730
69711
69706
69688
69673
69671
69660
69638
69636
69631
69598
69583
69580
69577
69574
69535
69532
69526
69523
69522
69521
69489
69467
69459
69456
69435
69428
69415
69408
69407
69387
69376
69373
69372
69371
69365
69360
69354
69347
69335
69328
69314
69302
69282
69282
69281
69241
69226
69196
69180
69169
69159
69151
69143
69120
69113
69100
69073
69073
69052
69049
69002
69001
69000
68995
68968
68961
68956
68952
68951
68934
68932
68910
68890
68887
68881
68868
68862
68854
68833
68822
68821
68818
68806
68782
68766
68758
68751
68750
68748
68726
68702
68696
68695
68691
68666
68652
68644
68639
68632
68628
68624
68624
68619
68612
68576
68565
68538
68536
68536
68532
68527
68519
68515
68509
68501
68486
68480
68463
68450
68435
68419
68400
68390
68386
68356
68351
68350
68336
68322
68316
68316
68313
68303
68302
68291
68277
68256
68223
68222
68208
68200
68160
68158
68149
68130
68129
68127
68081
68075
68073
68046
68041
68038
68032
68028
68024
68015
68010
67958
67949
67935
67908
67880
67876
67850
67837
67823
67822
67819
67787
67785
67778
67764
67761
67760
67750
67741
67729
67723
67722
67720
67712
67703
67696
67677
67677
67645
67644
67620
67588
67585
67558
67540
67540
67539
67532
67528
67522
67511
67507
67506
67480
67474
67473
67447
67443
67433
67429
67421
67420
67412
67410
67405
67403
67397
67352
67347
67340
67336
67287
67275
67262
67241
67220
67217
67209
67206
67193
67174
67163
67149
67146
67145
67139
67133
67128
67124
67122
67117
67108
67101
67100
67097
67096
67096
67094
67065
67047
67040
67037
67034
67015
67013
67000
66974
66972
66964
66963
66962
66944
66910
66894
66888
66881
66869
66868
66862
66849
66845
66830
66826
66821
66814
66800
66789
66785
66779
66758
66758
66747
66728
66723
66699
66698
66697
66669
66659
66657
66656
66634
66620
66605
66602
66594
66593
66579
66561
66551
66540
66512
66510
66498
66497
66497
66476
66475
66473
66470
66470
66468
66460
66450
66443
66423
66420
66407
66405
66405
66402
66396
66391
66383
66377
66373
66358
66345
66336
66331
66314
66309
66268
66242
66240
66229
66219
66219
66216
66215
66108
66103
66103
66099
66085
66081
66057
66048
66041
66038
66023
66013
65999
65998
65995
65982
65979
65976
65971
65957
65955
65935
65935
65894
65894
65892
65877
65846
65826
65825
65820
65795
65784
65782
65772
65771
65767
65750
65722
65721
65717
65712
65705
65700
65696
65689
65671
65661
65660
65645
65637
65629
65627
65626
65614
65611
65610
65600
65577
65564
65563
65552
65532
65525
65524
65465
65441
65433
65431
65413
65406
65393
65367
65361
65349
65346
65340
65330
65329
65312
65294
65294
65288
65268
65267
65265
65255
65254
65251
65232
65226
65210
65190
65171
65166
65155
65139
65133
65130
65098
65087
65084
65067
65054
65053
65047
65035
65014
65006
64998
64996
64990
64978
64969
64963
64962
64956
64948
64940
64934
64898
64897
64891
64885
64873
64869
64861
64841
64826
64818
64804
64802
64790
64788
64786
64775
64769
64746
64743
64733
64723
64709
64703
64699
64679
64669
64664
64653
64638
64632
64624
64619
64610
64584
64579
64535
64530
64527
64516
64478
64476
64428
64425
64424
64401
64367
64328
64288
64282
64269
64264
64255
64252
64229
64215
64205
64192
64179
64176
64160
64153
64152
64148
64094
64093
64074
64068
64064
64033
64033
64027
64011
63984
63980
63976
63963
63963
63957
63955
63953
63945
63939
63916
63896
63874
63867
63849
63807
63779
63774
63774
63771
63767
63766
63766
63750
63745
63742
63742
63741
63737
63730
63725
63711
63703
63700
63696
63694
63681
63659
63651
63647
63638
63628
63622
63622
63613
63608
63597
63594
63586
63552
63547
63528
63526
63520
63513
63502
63478
63472
63470
63469
63462
63446
63433
63429
63427
63427
63417
63401
63395
63379
63330
63323
63303
63295
63263
63247
63242
63239
63236
63232
63210
63209
63189
63186
63174
63147
63144
63132
63129
63128
63120
63081
63080
63072
63053
63049
63031
63026
63025
63024
63023
63014
63000
62970
62967
62929
62923
62910
62901
62862
62861
62851
62811
62798
62797
62779
62766
62737
62734
62728
62696
62694
62686
62683
62682
62681
62677
62668
62660
62627
62619
62619
62615
62590
62584
62584
62577
62566
62559
62558
62545
62524
62488
62481
62480
62475
62469
62468
62465
62450
62447
62444
62439
62437
62398
62391
62369
62347
62338
62334
62328
62326
62316
62311
62304
62303
62282
62266
62265
62251
62251
62244
62194
62193
62174
62135
62130
62123
62103
62103
62092
62089
62063
62044
62041
62039
62032
62013
62008
61997
61997
61996
61976
61965
61954
61939
61935
61913
61909
61902
61890
61888
61880
61851
61843
61833
61814
61801
61769
61768
61738
61726
61717
61711
61703
61688
61687
61684
61659
61647
61624
61604
61597
61593
61582
61548
61533
61520
61512
61501
61498
61492
61489
61485
61485
61484
61482
61448
61445
61442
61438
61435
61427
61421
61412
61399
61388
61378
61376
61374
61374
61348
61341
61341
61337
61337
61333
61331
61328
61303
61295
61265
61259
61254
61253
61243
61229
61226
61219
61218
61216
61207
61174
61157
61152
61147
61146
61124
61115
61114
61114
61111
61108
61096
61089
61086
61077
61067
61053
61052
61040
61018
61014
61012
61009
60989
60982
60977
60975
60958
60929
60915
60904
60898
60893
60883
60869
60869
60866
60863
60859
60827
60825
60825
60817
60799
60797
60788
60757
60736
60735
60717
60682
60672
60670
60663
60659
60644
60641
60638
60634
60617
60604
60598
60596
60595
60583
60582
60582
60580
60575
60568
60555
60528
60504
60503
60499
60495
60458
60453
60450
60444
60439
60439
60438
60420
60417
60407
60403
60399
60383
60377
60371
60362
60353
60329
60313
60310
60298
60293
60289
60269
60263
60239
60237
60227
60222
60198
60195
60187
60178
60171
60169
60165
60159
60157
60154
60136
60126
60124
60120
60116
60096
60081
60077
60071
60071
60063
60051
60022
59997
59997
59965
59952
59952
59946
59934
59933
59930
59929
59927
59921
59918
59912
59912
59910
59907
59889
59888
59884
59871
59870
59869
59860
59856
59852
59845
59817
59802
59784
59780
59779
59772
59760
59754
59752
59748
59740
59728
59728
59716
59712
59706
59687
59680
59678
59674
59674
59669
59668
59666
59659
59653
59653
59635
59628
59612
59608
59604
59601
59575
59570
59569
59558
59557
59546
59543
59541
59534
59524
59506
59503
59488
59483
59473
59459
59435
59434
59427
59419
59399
59376
59369
59340
59339
59332
59331
59319
59313
59310
59305
59275
59273
59273
59257
59239
59237
59233
59229
59222
59220
59219
59210
59204
59189
59186
59185
59162
59084
59061
59052
59041
59011
59001
58994
58983
58950
58909
58896
58895
58889
58876
58875
58867
58853
58845
58838
58823
58811
58800
58766
58763
58762
58750
58743
58741
58730
58721
58721
58713
58709
58685
58678
58649
58629
58597
58591
58591
58588
58575
58573
58569
58557
58555
58527
58517
58505
58493
58491
58471
58457
58457
58449
58441
58419
58392
58373
58365
58361
58347
58344
58342
58342
58330
58316
58276
58259
58252
58235
58219
58218
58215
58197
58182
58174
58173
58154
58137
58133
58118
58116
58088
58070
58056
58015
58013
58005
58005
58005
58000
57991
57983
57978
57938
57903
57900
57895
57889
57873
57861
57833
57804
57792
57775
57765
57718
57711
57707
57706
57690
57684
57683
57669
57668
57666
57652
57650
57647
57642
57633
57620
57590
57584
57584
57577
57566
57554
57551
57523
57507
57506
57504
57497
57463
57461
57459
57447
57436
57432
57426
57412
57411
57410
57385
57382
57365
57360
57355
57330
57318
57302
57285
57284
57283
57268
57264
57260
57212
57211
57201
57198
57184
57132
57123
57122
57112
57103
57094
57092
57083
57081
57064
57052
57042
57033
57032
57030
57019
57001
56991
56967
56965
56962
56945
56940
56940
56936
56916
56912
56912
56897
56894
56891
56889
56883
56880
56876
56849
56838
56819
56816
56811
56796
56793
56772
56771
56759
56756
56750
56738
56734
56725
56722
56719
56698
56689
56687
56685
56674
56669
56663
56647
56645
56614
56610
56607
56606
56597
56587
56571
56558
56550
56543
56537
56535
56535
56511
56504
56490
56479
56467
56460
56458
56428
56414
56379
56378
56377
56371
56366
56365
56364
56363
56358
56355
56349
56343
56325
56324
56323
56318
56309
56308
56308
56302
56299
56297
56290
56288
56284
56281
56280
56280
56262
56250
56249
56242
56232
56217
56214
56205
56199
56172
56171
56167
56159
56146
56125
56104
56103
56085
56080
56080
56080
56073
56063
56055
56049
56046
56044
56043
56039
56032
56027
56024
55994
55991
55989
55980
55979
55961
55955
55937
55936
55924
55911
55891
55878
55868
55860
55841
55821
55814
55806
55801
55794
55750
55739
55736
55729
55710
55697
55679
55669
55637
55629
55593
55585
55581
55574
55573
55573
55572
55565
55562
55561
55552
55549
55547
55536
55514
55510
55506
55498
55489
55481
55474
55473
55463
55462
55446
55445
55440
55435
55431
55427
55424
55421
55401
55400
55397
55383
55339
55331
55328
55319
55306
55303
55282
55281
55208
55193
55177
55170
55147
55147
55143
55126
55110
55099
55091
55080
55065
55047
55045
55045
55044
55038
55009
55006
55002
54992
54975
54970
54951
54950
54942
54934
54933
54927
54920
54919
54911
54911
54897
54896
54896
54876
54873
54870
54861
54840
54835
54834
54823
54820
54811
54783
54781
54780
54777
54764
54762
54759
54739
54728
54726
54721
54713
54687
54687
54683
54681
54645
54642
54631
54630
54621
54607
54606
54592
54591
54581
54579
54574
54569
54558
54553
54552
54537
54531
54518
54514
54509
54508
54498
54498
54471
54452
54426
54409
54404
54403
54398
54396
54396
54376
54353
54352
54350
54332
54329
54321
54316
54303
54300
54298
54286
54264
54260
54236
54229
54220
54212
54210
54188
54183
54172
54166
54155
54144
54124
54122
54119
54114
54107
54096
54091
54086
54082
54060
54049
54034
54031
54031
54024
54014
54008
54007
54003
53997
53981
53972
53970
53969
53964
53964
53935
53921
53908
53896
53896
53888
53887
53885
53874
53865
53850
53840
53830
53827
53826
53796
53790
53783
53779
53778
53769
53763
53737
53722
53721
53720
53708
53698
53692
53685
53659
53645
53639
53638
53634
53632
53630
53620
53614
53613
53611
53596
53595
53557
53549
53538
53537
53530
53525
53524
53524
53520
53501
53489
53474
53468
53467
53465
53442
53435
53423
53421
53408
53408
53407
53354
53353
53350
53341
53317
53271
53269
53254
53244
53204
53203
53192
53164
53126
53119
53112
53103
53092
53090
53077
53063
53056
53050
53039
53038
53034
53032
53022
53018
53012
53011
53003
53001
52988
52984
52979
52971
52970
52965
52955
52921
52919
52909
52895
52886
52882
52864
52852
52844
52844
52828
52824
52818
52805
52804
52803
52800
52769
52746
52708
52708
52703
52701
52698
52689
52689
52685
52665
52656
52638
52634
52621
52613
52598
52559
52548
52537
52527
52524
52516
52495
52486
52483
52476
52469
52456
52415
52413
52405
52405
52403
52396
52393
52376
52367
52367
52358
52356
52341
52335
52315
52314
52296
52295
52294
52288
52288
52273
52265
52256
52241
52240
52227
52210
52201
52192
52176
52170
52167
52166
52166
52148
52140
52139
52134
52106
52096
52093
52084
52072
52066
52047
52035
52027
52009
52006
51985
51971
51955
51954
51953
51944
51941
51937
51935
51920
51907
51904
51902
51887
51878
51877
51877
51859
51857
51840
51818
51791
51778
51752
51751
51745
51713
51698
51694
51691
51691
51679
51674
51663
51662
51658
51646
51646
51635
51634
51630
51629
51571
51563
51551
51550
51530
51521
51473
51466
51435
51418
51389
51386
51382
51371
51370
51363
51357
51357
51337
51335
51334
51329
51328
51321
51311
51309
51307
51302
51301
51285
51266
51260
51249
51245
51230
51223
51193
51192
51176
51165
51161
51158
51153
51142
51128
51122
51102
51101
51098
51096
51087
51069
51062
51057
51052
51036
51019
50998
50994
50961
50960
50959
50953
50948
50928
50914
50901
50899
50876
50859
50858
50853
50842
50838
50835
50798
50797
50793
50782
50771
50768
50768
50757
50755
50755
50752
50749
50720
50713
50712
50685
50682
50678
50667
50650
50649
50648
50645
50642
50626
50614
50605
50602
50575
50570
50537
50520
50515
50511
50509
50502
50496
50496
50479
50472
50452
50445
50442
50437
50437
50435
50433
50431
50423
50420
50406
50401
50372
50370
50364
50353
50346
50340
50334
50324
50324
50320
50318
50316
50309
50281
50249
50242
50228
50228
50226
50219
50206
50203
50192
50186
50181
50177
50159
50158
50146
50137
50135
50109
50093
50092
50080
50077
50067
50042
50035
50028
50016
49971
49967
49962
49948
49944
49933
49926
49923
49922
49919
49916
49906
49903
49902
49898
49892
49891
49889
49877
49871
49871
49855
49853
49843
49820
49796
49783
49774
49765
49753
49717
49689
49687
49672
49660
49652
49635
49623
49619
49616
49611
49600
49597
49597
49569
49568
49556
49526
49514
49511
49505
49496
49492
49475
49449
49437
49436
49420
49415
49411
49392
49387
49372
49371
49369
49364
49336
49318
49318
49310
49304
49296
49259
49247
49216
49201
49200
49185
49184
49177
49171
49166
49145
49117
49112
49076
49065
49062
49049
49033
49033
49022
49021
49018
49000
48996
48996
48995
48988
48984
48959
48954
48931
48922
48886
48858
48857
48844
48839
48811
48796
48793
48792
48788
48784
48781
48745
48723
48708
48699
48686
48685
48685
48666
48635
48613
48600
48591
48586
48578
48576
48561
48547
48542
48537
48506
48495
48485
48484
48476
48474
48457
48457
48443
48424
48360
48358
48348
48331
48324
48317
48315
48302
48272
48250
48215
48182
48173
48166
48166
48162
48152
48149
48115
48113
48098
48091
48079
48076
48064
48054
48053
48051
48015
48001
47980
47977
47972
47967
47962
47942
47933
47930
47922
47917
47915
47912
47894
47891
47888
47884
47880
47861
47851
47833
47828
47801
47789
47768
47766
47762
47761
47758
47756
47755
47744
47739
47726
47722
47719
47719
47716
47696
47692
47685
47684
47671
47656
47653
47651
47645
47634
47620
47599
47597
47575
47527
47525
47525
47521
47520
47509
47507
47500
47496
47483
47459
47458
47455
47452
47451
47435
47427
47417
47414
47408
47403
47390
47384
47377
47374
47353
47325
47296
47281
47250
47248
47236
47235
47211
47200
47162
47149
47146
47142
47127
47122
47097
47078
47065
47062
47053
47050
47027
47023
46983
46975
46969
46967
46966
46965
46952
46952
46948
46947
46936
46934
46924
46912
46906
46880
46869
46868
46867
46854
46837
46836
46811
46806
46802
46801
46750
46739
46732
46713
46698
46695
46685
46658
46650
46644
46639
46634
46609
46606
46604
46588
46586
46580
46562
46557
46553
46552
46547
46536
46534
46532
46532
46518
46512
46507
46492
46486
46472
46469
46469
46456
46437
46410
46407
46382
46361
46348
46339
46305
46288
46284
46282
46260
46249
46238
46222
46217
46212
46205
46201
46199
46193
46192
46189
46172
46171
46163
46161
46161
46148
46117
46111
46095
46092
46064
46039
46039
46021
46008
46007
45991
45968
45961
45941
45935
45924
45921
45912
45909
45886
45875
45860
45844
45834
45834
45816
45813
45812
45799
45793
45773
45772
45765
45750
45734
45728
45706
45705
45704
45702
45702
45695
45682
45681
45675
45668
45667
45653
45653
45648
45633
45628
45604
45597
45595
45594
45582
45558
45553
45552
45547
45539
45536
45530
45500
45488
45484
45474
45469
45464
45459
45430
45413
45411
45399
45396
45386
45378
45373
45352
45323
45322
45303
45301
45300
45290
45286
45273
45273
45267
45261
45259
45247
45234
45223
45221
45214
45200
45195
45194
45189
45182
45170
45148
45117
45113
45091
45078
45075
45064
45048
45039
45039
45030
45030
45024
45006
44978
44973
44973
44961
44960
44951
44950
44950
44947
44940
44935
44928
44920
44917
44899
44895
44885
44867
44848
44837
44788
44777
44769
44765
44761
44759
44735
44720
44715
44670
44661
44645
44630
44625
44562
44559
44537
44537
44530
44502
44500
44497
44481
44474
44427
44426
44421
44396
44394
44390
44386
44379
44359
44354
44325
44321
44314
44296
44286
44276
44242
44242
44241
44240
44236
44207
44204
44203
44201
44200
44190
44186
44155
44147
44140
44139
44129
44127
44122
44122
44106
44096
44083
44080
44075
44053
44049
44038
44032
44009
43991
43987
43978
43974
43973
43965
43946
43945
43916
43908
43908
43885
43876
43867
43863
43856
43852
43851
43842
43812
43803
43792
43791
43790
43744
43733
43716
43715
43709
43707
43688
43686
43672
43669
43668
43663
43647
43646
43630
43625
43617
43612
43591
43555
43545
43539
43538
43536
43501
43494
43489
43480
43462
43449
43440
43435
43432
43403
43401
43375
43372
43359
43330
43297
43281
43275
43271
43269
43248
43227
43227
43214
43197
43187
43178
43168
43164
43159
43148
43143
43143
43136
43134
43123
43101
43082
43067
43053
43052
43052
43045
43014
43009
42987
42978
42976
42966
42952
42922
42922
42918
42903
42893
42893
42885
42875
42874
42863
42861
42861
42834
42827
42817
42814
42799
42773
42769
42751
42750
42706
42703
42701
42693
42690
42687
42664
42662
42645
42625
42623
42619
42615
42613
42602
42584
42557
42550
42549
42540
42533
42518
42514
42480
42476
42459
42452
42448
42434
42428
42422
42418
42391
42386
42382
42362
42342
42334
42329
42326
42301
42298
42283
42266
42252
42234
42193
42181
42181
42181
42164
42158
42144
42120
42097
42085
42080
42076
42073
42073
42061
42044
42039
42038
42029
42021
42014
42012
42012
41991
41984
41979
41967
41966
41947
41937
41937
41929
41908
41908
41897
41897
41890
41885
41882
41862
41857
41853
41828
41827
41801
41788
41758
41757
41748
41743
41738
41732
41729
41724
41700
41673
41666
41658
41600
41591
41587
41585
41565
41560
41549
41545
41544
41540
41539
41529
41509
41505
41493
41493
41480
41468
41466
41462
41453
41448
41447
41441
41426
41421
41420
41405
41399
41397
41388
41369
41353
41345
41342
41339
41338
41328
41320
41290
41289
41288
41286
41263
41239
41234
41231
41230
41224
41217
41205
41205
41196
41194
41192
41189
41184
41157
41145
41143
41129
41117
41105
41098
41098
41080
41078
41076
41076
41043
41040
41035
41005
41004
40999
40986
40979
40958
40936
40931
40912
40900
40897
40812
40806
40806
40782
40775
40769
40732
40719
40715
40714
40677
40657
40657
40644
40635
40619
40616
40608
40607
40588
40568
40551
40543
40489
40466
40464
40447
40444
40438
40432
40409
40373
40372
40364
40359
40353
40352
40350
40325
40312
40306
40302
40277
40259
40247
40210
40202
40198
40194
40174
40171
40162
40159
40153
40146
40139
40113
40091
40085
40063
40061
40057
40054
40043
40020
40018
40016
40012
40010
39999
39982
39976
39970
39941
39927
39900
39886
39874
39874
39872
39864
39847
39830
39829
39803
39797
39796
39794
39786
39784
39771
39765
39762
39748
39731
39725
39702
39700
39687
39683
39673
39663
39658
39650
39646
39644
39634
39634
39624
39621
39618
39594
39569
39561
39541
39533
39532
39516
39502
39499
39499
39491
39490
39487
39486
39485
39475
39461
39452
39446
39434
39426
39383
39380
39375
39347
39345
39341
39339
39335
39327
39321
39311
39307
39306
39285
39272
39267
39237
39216
39206
39181
39171
39171
39170
39148
39142
39135
39124
39108
39094
39072
39066
39065
39051
39049
39038
39033
39027
39005
38986
38978
38977
38953
38946
38945
38939
38914
38911
38909
38901
38896
38893
38883
38878
38841
38836
38834
38828
38813
38792
38790
38789
38786
38780
38767
38751
38745
38745
38738
38735
38726
38715
38695
38653
38649
38647
38642
38618
38602
38586
38556
38538
38529
38516
38515
38500
38490
38489
38485
38476
38475
38471
38471
38452
38420
38418
38415
38406
38398
38397
38396
38392
38368
38334
38334
38330
38309
38304
38299
38298
38295
38293
38293
38293
38284
38278
38277
38229
38226
38220
38211
38210
38196
38189
38169
38157
38141
38135
38130
38128
38121
38111
38107
38101
38097
38079
38072
38054
38054
38034
38031
38019
38010
38005
37994
37981
37978
37953
37940
37931
37929
37918
37913
37899
37892
37891
37881
37871
37870
37860
37855
37846
37824
37819
37817
37811
37807
37804
37803
37755
37730
37727
37715
37711
37695
37675
37664
37649
37645
37645
37632
37629
37614
37579
37567
37555
37547
37542
37541
37534
37529
37528
37519
37507
37505
37495
37479
37479
37472
37461
37433
37433
37431
37423
37418
37414
37411
37411
37391
37390
37367
37365
37361
37342
37316
37308
37298
37281
37270
37255
37254
37253
37249
37241
37236
37222
37215
37214
37206
37193
37152
37148
37126
37122
37113
37104
37079
37074
37066
37063
37058
37057
37048
37037
37036
37031
37028
37016
37015
37000
36995
36970
36968
36966
36952
36949
36947
36936
36925
36913
36908
36899
36891
36883
36872
36869
36830
36806
36801
36791
36784
36766
36759
36753
36747
36734
36704
36698
36691
36665
36622
36617
36611
36605
36584
36584
36576
36574
36567
36556
36534
36523
36521
36514
36510
36504
36504
36499
36497
36492
36490
36489
36488
36488
36487
36475
36473
36469
36455
36454
36444
36434
36433
36416
36414
36412
36385
36384
36377
36370
36367
36364
36354
36342
36340
36312
36309
36301
36298
36295
36282
36264
36263
36239
36238
36237
36226
36224
36221
36218
36211
36207
36184
36179
36171
36163
36157
36155
36155
36149
36145
36130
36119
36114
36106
36088
36077
36044
36040
36039
36032
36029
36021
36019
36014
35993
35991
35984
35982
35967
35960
35951
35938
35934
35930
35909
35897
35896
35882
35862
35860
35856
35854
35847
35812
35804
35803
35789
35780
35760
35756
35744
35742
35739
35737
35726
35705
35699
35691
35677
35667
35658
35650
35643
35639
35636
35633
35626
35599
35597
35596
35593
35578
35574
35566
35553
35553
35544
35541
35524
35517
35514
35505
35496
35495
35482
35457
35441
35440
35439
35431
35422
35419
35414
35411
35399
35395
35392
35360
35351
35342
35335
35317
35311
35309
35305
35301
35287
35268
35260
35234
35214
35191
35191
35169
35168
35163
35160
35151
35072
35070
35067
35063
35037
35030
35024
35021
35017
35011
34994
34988
34980
34968
34965
34958
34957
34948
34945
34945
34941
34918
34918
34911
34906
34885
34879
34869
34868
34861
34838
34820
34810
34758
34747
34734
34734
34694
34690
34687
34680
34671
34663
34655
34653
34651
34644
34641
34640
34638
34638
34633
34628
34612
34595
34577
34570
34568
34547
34525
34519
34519
34514
34493
34486
34429
34428
34414
34413
34410
34384
34374
34337
34333
34324
34305
34298
34296
34291
34274
34270
34259
34256
34241
34207
34197
34191
34152
34151
34148
34143
34142
34141
34140
34119
34114
34111
34106
34105
34104
34079
34071
34057
34018
34003
33973
33970
33956
33947
33941
33922
33921
33904
33904
33836
33805
33798
33795
33794
33789
33782
33766
33751
33726
33719
33698
33694
33673
33636
33617
33600
33597
33594
33590
33589
33585
33558
33548
33544
33542
33541
33531
33504
33499
33485
33471
33470
33450
33411
33397
33394
33369
33361
33359
33358
33343
33329
33312
33312
33286
33259
33237
33234
33231
33226
33209
33197
33185
33173
33163
33157
33139
33121
33109
33105
33097
33097
33093
33093
33093
33086
33085
33084
33040
33029
33019
33017
33008
32995
32988
32949
32928
32925
32924
32885
32864
32855
32854
32852
32850
32847
32844
32843
32838
32831
32813
32808
32803
32799
32798
32797
32791
32765
32750
32744
32742
32732
32724
32723
32716
32713
32700
32699
32690
32688
32683
32677
32675
32655
32638
32636
32626
32622
32620
32613
32607
32596
32593
32592
32584
32576
32553
32553
32526
32517
32511
32474
32472
32459
32455
32443
32442
32431
32417
32401
32376
32371
32359
32312
32310
32285
32284
32275
32269
32268
32267
32258
32248
32248
32244
32240
32229
32211
32186
32162
32153
32130
32127
32115
32110
32104
32094
32094
32087
32075
32072
32060
32051
32050
32034
32032
32018
32016
31974
31950
31938
31930
31929
31923
31917
31906
31896
31878
31846
31826
31821
31821
31817
31815
31814
31814
31808
31801
31761
31758
31755
31747
31747
31744
31735
31722
31714
31701
31685
31681
31680
31647
31643
31638
31631
31604
31578
31557
31554
31534
31527
31513
31506
31499
31490
31488
31459
31448
31425
31421
31402
31401
31395
31386
31367
31353
31350
31349
31345
31341
31328
31316
31294
31286
31274
31273
31267
31265
31257
31256
31245
31243
31238
31227
31222
31210
31209
31200
31191
31182
31182
31181
31175
31174
31166
31158
31119
31115
31104
31102
31095
31085
31083
31059
31057
31055
31042
31031
31026
30997
30965
30964
30951
30951
30937
30927
30918
30915
30913
30902
30880
30875
30871
30861
30844
30833
30826
30814
30809
30806
30798
30778
30774
30759
30755
30750
30748
30743
30740
30724
30711
30709
30706
30699
30692
30681
30673
30667
30665
30634
30625
30604
30595
30584
30572
30569
30551
30544
30539
30520
30516
30502
30492
30490
30483
30483
30471
30470
30466
30462
30433
30427
30425
30408
30403
30382
30371
30356
30355
30355
30349
30339
30321
30318
30312
30288
30288
30272
30251
30250
30248
30244
30243
30243
30242
30240
30239
30230
30217
30195
30185
30185
30184
30179
30174
30170
30164
30159
30156
30150
30143
30141
30133
30123
30123
30118
30117
30105
30090
30087
30079
30076
30072
30064
30063
30044
30039
30029
30026
30021
29998
29993
29993
29992
29947
29944
29934
29915
29904
29896
29895
29864
29861
29856
29854
29853
29831
29823
29807
29796
29785
29784
29749
29742
29739
29697
29689
29682
29673
29673
29631
29611
29598
29592
29589
29569
29559
29559
29555
29553
29551
29550
29536
29530
29524
29483
29481
29437
29431
29419
29416
29384
29380
29355
29352
29332
29330
29328
29325
29323
29320
29303
29256
29250
29248
29246
29246
29241
29230
29222
29221
29216
29181
29172
29161
29151
29146
29137
29134
29132
29119
29112
29112
29106
29103
29088
29061
29054
29051
29034
29033
29001
28992
28990
28983
28978
28974
28962
28958
28928
28924
28907
28890
28871
28865
28858
28852
28844
28842
28842
28826
28823
28810
28808
28804
28804
28802
28802
28778
28772
28750
28746
28729
28726
28698
28692
28689
28688
28687
28672
28650
28643
28643
28613
28600
28600
28597
28595
28587
28583
28566
28558
28555
28519
28515
28500
28496
28479
28477
28467
28466
28464
28457
28446
28437
28421
28412
28406
28390
28367
28363
28360
28347
28337
28334
28256
28252
28251
28248
28233
28230
28228
28220
28214
28214
28200
28199
28182
28162
28141
28131
28128
28122
28121
28116
28108
28107
28100
28091
28082
28007
28005
28002
27994
27989
27973
27966
27962
27961
27955
27923
27910
27897
27896
27878
27868
27862
27852
27841
27828
27815
27802
27791
27732
27691
27683
27683
27681
27675
27673
27660
27651
27648
27636
27627
27625
27593
27587
27585
27585
27580
27573
27540
27532
27518
27517
27516
27514
27510
27503
27482
27481
27455
27453
27449
27440
27439
27418
27390
27383
27368
27348
27347
27340
27320
27302
27287
27287
27278
27272
27258
27251
27238
27237
27187
27179
27156
27152
27120
27119
27115
27115
27114
27073
27073
27069
27069
27060
27057
27048
27045
27042
27023
27021
27018
27016
26969
26946
26942
26934
26914
26871
26864
26864
26841
26835
26832
26831
26829
26821
26820
26800
26793
26790
26789
26784
26778
26773
26769
26767
26762
26750
26734
26731
26709
26698
26696
26687
26683
26678
26647
26627
26622
26583
26575
26551
26540
26525
26524
26519
26514
26504
26499
26491
26476
26467
26453
26449
26448
26445
26418
26411
26410
26410
26405
26390
26374
26346
26345
26340
26337
26330
26298
26284
26282
26264
26257
26256
26245
26242
26224
26219
26208
26207
26180
26174
26173
26170
26164
26153
26152
26152
26151
26149
26133
26129
26114
26110
26107
26102
26098
26085
26081
26078
26076
26064
26064
26060
26059
26057
26050
26042
26024
26023
26003
26003
26000
25997
25978
25969
25963
25956
25946
25919
25898
25882
25869
25869
25842
25831
25812
25812
25796
25784
25757
25735
25727
25722
25700
25695
25694
25691
25690
25689
25657
25646
25621
25621
25612
25607
25607
25594
25570
25556
25552
25547
25543
25541
25538
25531
25513
25513
25511
25509
25504
25493
25488
25480
25451
25450
25426
25424
25417
25416
25401
25400
25391
25390
25386
25377
25371
25361
25344
25336
25335
25313
25291
25263
25258
25237
25215
25192
25166
25164
25163
25147
25119
25113
25103
25100
25089
25088
25067
25065
25050
25038
25037
25033
25032
25027
25006
24978
24978
24972
24957
24945
24931
24894
24883
24883
24877
24873
24865
24850
24848
24832
24827
24824
24810
24804
24796
24787
24777
24776
24770
24770
24767
24766
24764
24752
24740
24705
24646
24641
24638
24622
24618
24609
24600
24588
24583
24580
24570
24563
24562
24560
24554
24533
24519
24519
24512
24484
24471
24468
24457
24451
24422
24420
24415
24411
24411
24407
24404
24396
24394
24382
24380
24380
24379
24377
24365
24358
24348
24343
24343
24320
24320
24311
24278
24267
24267
24266
24257
24242
24239
24204
24173
24172
24166
24149
24143
24141
24130
24116
24114
24106
24100
24092
24084
24061
24039
24039
24036
24008
23980
23965
23962
23943
23938
23928
23910
23896
23887
23887
23869
23866
23861
23861
23859
23844
23834
23823
23814
23787
23782
23781
23780
23779
23772
23747
23731
23730
23710
23709
23695
23689
23688
23679
23677
23676
23675
23674
23664
23653
23636
23632
23630
23610
23597
23579
23558
23556
23541
23526
23506
23499
23498
23490
23482
23464
23448
23428
23426
23417
23413
23389
23383
23381
23375
23356
23352
23351
23347
23331
23312
23311
23308
23301
23291
23283
23274
23270
23238
23236
23232
23229
23206
23159
23155
23152
23116
23111
23090
23089
23074
23070
23062
23048
23042
23038
23029
23027
23014
23005
23001
22999
22992
22991
22987
22978
22973
22973
22971
22971
22957
22950
22949
22938
22904
22894
22876
22867
22864
22839
22830
22826
22818
22813
22798
22750
22745
22741
22737
22736
22733
22713
22712
22707
22703
22703
22681
22680
22668
22663
22662
22656
22654
22653
22646
22646
22645
22639
22637
22622
22605
22605
22588
22588
22581
22579
22554
22552
22550
22545
22540
22538
22523
22511
22493
22469
22466
22447
22436
22430
22425
22423
22410
22409
22396
22382
22366
22351
22341
22303
22301
22296
22294
22281
22276
22270
22255
22253
22214
22210
22177
22176
22175
22163
22159
22136
22130
22121
22115
22113
22096
22095
22094
22072
22065
22064
22045
22019
22018
21997
21984
21982
21973
21972
21968
21966
21945
21945
21935
21930
21929
21919
21911
21906
21890
21886
21876
21874
21874
21873
21870
21848
21835
21825
21814
21774
21756
21750
21728
21712
21708
21701
21692
21684
21673
21630
21629
21629
21625
21605
21590
21569
21554
21523
21514
21511
21492
21488
21472
21472
21467
21461
21431
21425
21424
21409
21402
21384
21381
21374
21352
21331
21324
21313
21311
21306
21300
21299
21297
21292
21273
21269
21268
21257
21254
21239
21239
21227
21224
21223
21221
21208
21206
21200
21198
21194
21191
21180
21174
21168
21165
21164
21152
21143
21126
21123
21112
21108
21097
21086
21082
21077
21071
21065
21064
21053
21048
21045
21032
21025
21022
21022
20997
20993
20991
20985
20940
20931
20908
20905
20904
20892
20873
20860
20856
20848
20836
20825
20821
20814
20798
20795
20793
20778
20767
20767
20756
20694
20687
20677
20674
20666
20656
20651
20648
20632
20626
20618
20612
20580
20575
20567
20566
20564
20561
20561
20554
20548
20546
20535
20515
20513
20505
20501
20470
20458
20449
20447
20436
20429
20403
20385
20374
20367
20366
20363
20351
20350
20329
20318
20313
20310
20289
20287
20286
20277
20259
20257
20249
20245
20239
20227
20219
20212
20206
20205
20202
20198
20195
20192
20189
20180
20175
20156
20141
20138
20134
20121
20118
20115
20106
20103
20101
20082
20076
20076
20073
20052
20050
20048
20044
20015
20004
20004
19999
19992
19980
19954
19951
19922
19899
19893
19890
19862
19862
19843
19841
19837
19829
19825
19817
19813
19799
19799
19798
19797
19787
19785
19776
19764
19757
19745
19731
19726
19718
19690
19670
19623
19605
19590
19570
19553
19542
19522
19522
19514
19514
19512
19507
19491
19487
19483
19447
19433
19429
19416
19400
19320
19278
19270
19254
19241
19237
19205
19201
19187
19184
19184
19168
19154
19139
19138
19127
19125
19107
19055
19045
19030
19018
18999
18994
18980
18978
18971
18954
18930
18918
18912
18893
18886
18885
18872
18851
18843
18837
18820
18808
18788
18771
18769
18769
18763
18752
18735
18732
18726
18683
18681
18666
18660
18642
18631
18620
18619
18608
18591
18588
18580
18532
18526
18517
18513
18507
18506
18500
18492
18470
18447
18443
18440
18428
18420
18417
18410
18396
18395
18391
18381
18381
18381
18380
18376
18376
18375
18359
18338
18331
18327
18308
18280
18276
18265
18260
18246
18231
18222
18211
18208
18196
18172
18169
18160
18144
18142
18118
18093
18084
18076
18063
18062
18060
18060
18059
18041
18034
18022
18019
18016
18014
18012
18012
17997
17994
17951
17948
17943
17926
17913
17898
17893
17886
17880
17875
17872
17869
17862
17860
17853
17803
17800
17799
17789
17787
17725
17723
17689
17666
17658
17655
17653
17638
17633
17623
17607
17600
17594
17589
17587
17586
17566
17565
17556
17543
17517
17503
17490
17480
17450
17449
17444
17436
17420
17402
17376
17333
17332
17325
17316
17312
17300
17297
17293
17274
17239
17237
17235
17218
17215
17209
17184
17160
17155
17136
17130
17124
17120
17113
17100
17091
17087
17086
17074
17066
17052
17047
17031
17023
17022
17003
16987
16985
16982
16959
16954
16932
16923
16914
16910
16899
16896
16896
16887
16882
16879
16872
16834
16831
16787
16773
16765
16762
16756
16754
16737
16726
16722
16716
16712
16699
16692
16685
16665
16663
16650
16646
16641
16641
16640
16619
16604
16570
16564
16533
16512
16510
16510
16504
16486
16473
16469
16461
16458
16454
16448
16441
16429
16424
16419
16416
16416
16399
16396
16393
16387
16379
16335
16335
16334
16333
16324
16311
16306
16296
16275
16271
16237
16236
16228
16213
16210
16192
16191
16179
16169
16165
16146
16142
16123
16122
16099
16097
16070
16065
16055
16046
16023
15986
15985
15982
15956
15956
15955
15947
15946
15938
15927
15924
15881
15881
15858
15852
15843
15841
15831
15824
15809
15769
15764
15758
15752
15750
15735
15725
15721
15701
15701
15690
15687
15679
15671
15669
15663
15659
15639
15626
15618
15617
15596
15582
15575
15554
15546
15545
15542
15529
15520
15499
15498
15497
15492
15489
15486
15483
15482
15469
15442
15427
15427
15424
15415
15328
15303
15292
15292
15290
15276
15272
15248
15237
15237
15234
15226
15221
15212
15208
15206
15203
15184
15176
15171
15168
15157
15148
15140
15123
15122
15121
15093
15090
15064
15057
15048
15033
15030
15025
15009
15008
15000
14988
14976
14974
14971
14968
14965
14962
14960
14959
14955
14949
14944
14941
14935
14930
14920
14903
14888
14885
14871
14867
14867
14849
14830
14830
14826
14817
14812
14801
14794
14791
14783
14770
14761
14758
14751
14748
14743
14740
14729
14724
14710
14710
14707
14703
14703
14689
14680
14679
14673
14657
14640
14627
14624
14623
14605
14596
14581
14580
14577
14569
14568
14547
14531
14505
14501
14463
14458
14446
14436
14425
14413
14412
14403
14395
14385
14321
14317
14307
14296
14289
14281
14277
14274
14267
14258
14235
14225
14208
14204
14194
14191
14191
14174
14151
14150
14137
14126
14124
14123
14117
14116
14093
14088
14088
14085
14076
14071
14061
14048
14047
14042
14037
14000
13995
13964
13963
13950
13948
13912
13893
13871
13860
13853
13844
13840
13836
13827
13826
13807
13805
13800
13795
13792
13792
13789
13789
13785
13784
13761
13753
13728
13724
13710
13678
13676
13656
13648
13647
13634
13597
13593
13592
13584
13580
13570
13568
13564
13562
13549
13546
13544
13537
13488
13476
13471
13470
13467
13441
13439
13437
13433
13428
13394
13359
13359
13352
13352
13346
13332
13330
13326
13306
13300
13297
13292
13268
13267
13259
13258
13241
13238
13218
13209
13208
13195
13182
13174
13170
13169
13148
13146
13088
13086
13056
13048
13039
13038
13037
13030
13014
13012
12996
12986
12982
12964
12959
12951
12950
12944
12943
12937
12933
12922
12921
12916
12914
12903
12895
12874
12860
12826
12822
12821
12819
12796
12787
12782
12781
12754
12753
12745
12738
12730
12723
12704
12694
12692
12682
12670
12668
12651
12650
12624
12621
12616
12588
12585
12581
12566
12548
12544
12528
12506
12486
12464
12464
12450
12449
12442
12423
12407
12401
12396
12369
12345
12321
12321
12315
12302
12296
12295
12288
12266
12255
12248
12242
12237
12231
12227
12215
12207
12202
12194
12189
12187
12184
12175
12152
12142
12136
12124
12118
12095
12094
12087
12063
12062
12042
12033
12020
12012
12010
12006
11993
11989
11970
11965
11963
11960
11956
11945
11922
11917
11907
11892
11882
11882
11844
11834
11826
11805
11795
11795
11766
11760
11758
11757
11740
11729
11726
11721
11719
11719
11709
11708
11680
11672
11671
11663
11636
11613
11613
11605
11603
11595
11582
11576
11573
11572
11524
11518
11515
11508
11507
11503
11499
11484
11472
11472
11441
11432
11417
11400
11390
11389
11362
11340
11335
11324
11306
11291
11278
11270
11268
11258
11256
11256
11254
11252
11249
11231
11209
11184
11180
11175
11163
11157
11149
11114
11110
11109
11096
11094
11090
11074
11073
11026
11012
10982
10976
10968
10962
10928
10921
10918
10914
10906
10900
10899
10893
10877
10874
10868
10781
10774
10765
10765
10759
10757
10746
10746
10739
10723
10713
10680
10675
10673
10669
10628
10626
10610
10604
10599
10576
10574
10559
10552
10534
10499
10495
10485
10478
10471
10470
10466
10446
10440
10436
10424
10421
10404
10366
10340
10330
10327
10320
10302
10296
10295
10284
10272
10268
10263
10235
10226
10217
10214
10196
10186
10185
10175
10169
10153
10142
10141
10137
10128
10097
10096
10095
10090
10088
10064
10061
10059
10049
10037
10033
10021
10012
10010
10008
10007
10001
10000
9986
9974
9945
9939
9932
9932
9921
9915
9914
9870
9865
9841
9833
9823
9803
9788
9755
9750
9727
9727
9708
9707
9699
9694
9692
9692
9676
9675
9667
9655
9648
9637
9632
9629
9627
9616
9614
9608
9607
9598
9597
9588
9582
9582
9549
9544
9541
9541
9540
9524
9507
9498
9491
9490
9484
9482
9473
9471
9458
9457
9455
9443
9438
9437
9431
9428
9415
9411
9406
9397
9387
9384
9382
9379
9365
9358
9338
9315
9311
9302
9289
9285
9281
9269
9257
9247
9236
9228
9220
9215
9197
9190
9189
9182
9175
9169
9169
9152
9142
9142
9132
9127
9110
9104
9099
9091
9079
9063
9044
9014
9010
9009
8987
8986
8976
8972
8964
8958
8958
8941
8929
8918
8913
8912
8910
8906
8896
8878
8855
8854
8848
8827
8773
8742
8740
8713
8704
8689
8680
8678
8673
8659
8658
8649
8648
8647
8624
8623
8621
8608
8606
8603
8603
8598
8587
8573
8565
8561
8559
8553
8551
8550
8522
8512
8512
8502
8501
8492
8486
8457
8456
8453
8451
8439
8419
8407
8406
8405
8394
8387
8360
8359
8358
8341
8339
8331
8323
8321
8319
8318
8308
8296
8295
8283
8278
8267
8266
8264
8245
8243
8227
8190
8167
8167
8136
8133
8131
8130
8118
8110
8084
8067
8065
8062
8054
8053
8042
8038
8038
8031
8031
8030
8020
8010
8009
8001
7991
7969
7957
7945
7933
7921
7882
7867
7864
7856
7850
7834
7826
7820
7817
7813
7806
7800
7795
7792
7788
7782
7777
7766
7752
7717
7676
7657
7657
7654
7647
7641
7634
7632
7630
7615
7607
7600
7597
7591
7590
7589
7588
7554
7523
7514
7502
7494
7489
7486
7475
7473
7440
7435
7429
7429
7422
7399
7386
7386
7363
7361
7346
7333
7333
7326
7297
7267
7238
7236
7229
7216
7196
7190
7175
7167
7163
7149
7143
7142
7135
7128
7119
7117
7107
7103
7098
7095
7091
7088
7083
7075
7062
7039
7027
6987
6985
6975
6972
6952
6942
6915
6911
6891
6890
6887
6840
6837
6837
6833
6827
6820
6818
6814
6805
6787
6781
6773
6763
6746
6739
6706
6702
6685
6684
6683
6682
6675
6667
6657
6634
6625
6616
6613
6612
6603
6600
6591
6582
6562
6543
6521
6520
6504
6500
6496
6490
6487
6484
6467
6450
6444
6442
6430
6420
6418
6399
6358
6356
6334
6320
6310
6304
6300
6295
6289
6289
6287
6282
6280
6279
6264
6246
6239
6238
6226
6222
6204
6192
6187
6178
6166
6155
6139
6131
6121
6113
6105
6100
6082
6078
6071
6070
6058
6035
6035
5988
5976
5968
5966
5954
5954
5949
5946
5946
5942
5938
5913
5906
5884
5877
5873
5870
5849
5847
5838
5827
5823
5823
5821
5816
5816
5813
5806
5804
5802
5800
5796
5779
5770
5770
5770
5764
5759
5755
5752
5744
5741
5722
5721
5721
5707
5703
5691
5691
5669
5668
5660
5639
5626
5602
5601
5600
5591
5570
5546
5534
5533
5515
5508
5497
5483
5462
5455
5453
5425
5406
5395
5388
5387
5386
5379
5378
5370
5338
5317
5316
5299
5260
5249
5241
5234
5230
5215
5202
5172
5170
5146
5131
5122
5108
5092
5085
5069
5062
5059
5048
5040
5018
4982
4979
4977
4974
4973
4959
4956
4943
4938
4905
4896
4892
4890
4884
4883
4858
4854
4850
4825
4820
4819
4818
4806
4803
4774
4756
4752
4747
4728
4713
4713
4709
4699
4697
4683
4649
4634
4608
4604
4600
4590
4586
4574
4571
4552
4539
4527
4508
4508
4501
4501
4499
4497
4494
4483
4476
4468
4462
4453
4452
4433
4411
4393
4385
4382
4374
4373
4364
4352
4339
4311
4304
4299
4292
4283
4278
4273
4268
4251
4240
4230
4218
4203
4198
4196
4185
4173
4157
4156
4148
4128
4099
4095
4082
4062
4061
4051
4025
4021
4015
4011
4005
3995
3993
3988
3963
3960
3945
3939
3929
3912
3911
3893
3880
3867
3866
3865
3864
3856
3840
3840
3829
3817
3786
3785
3775
3772
3752
3729
3715
3709
3692
3677
3675
3673
3672
3662
3645
3608
3579
3566
3556
3550
3547
3542
3538
3538
3509
3508
3487
3472
3460
3454
3449
3449
3403
3373
3345
3331
3321
3318
3313
3306
3296
3296
3284
3266
3260
3255
3254
3239
3222
3219
3205
3201
3199
3196
3192
3189
3179
3155
3136
3120
3115
3106
3096
3091
3090
3086
3064
3063
3052
3048
3030
3019
2973
2961
2946
2939
2930
2922
2918
2905
2892
2855
2851
2830
2810
2808
2804
2794
2784
2783
2769
2761
2737
2700
2676
2662
2651
2621
2620
2613
2611
2596
2583
2580
2573
2568
2532
2526
2501
2491
2480
2479
2462
2459
2434
2428
2425
2411
2395
2379
2376
2361
2355
2352
2349
2316
2313
2312
2302
2292
2290
2272
2266
2259
2245
2226
2223
2222
2216
2212
2184
2183
2178
2169
2159
2142
2136
2129
2127
2125
2117
2112
2105
2093
2092
2074
2058
2056
2053
2049
2039
2026
2011
2009
1992
1987
1972
1969
1958
1918
1902
1902
1890
1876
1870
1864
1856
1855
1805
1796
1786
1780
1778
1773
1753
1750
1724
1722
1721
1721
1700
1695
1687
1685
1677
1628
1626
1621
1611
1598
1583
1563
1562
1555
1540
1540
1519
1512
1511
1507
1504
1487
1479
1472
1457
1446
1430
1419
1407
1388
1380
1378
1350
1342
1317
1316
1294
1260
1241
1238
1234
1168
1144
1141
1140
1110
1082
1057
1057
1052
1045
1025
1022
1007
990
987
984
969
929
926
919
911
884
875
866
864
864
813
798
796
795
793
791
785
775
771
767
763
761
758
757
730
729
719
714
711
710
702
667
655
648
628
627
623
618
604
580
580
561
555
554
550
548
544
535
510
510
498
495
482
471
464
455
454
430
411
388
374
368
367
323
316
309
257
250
249
229
228
227
216
201
200
192
178
171
166
157
141
140
129
104
103
101
65
58
56
44
43
33
28
23
20
15
