15
20
23
28
33
43
44
56
58
65
101
103
104
129
140
141
157
166
171
178
192
200
201
216
227
228
229
249
250
257
309
316
323
367
368
374
388
411
430
454
455
464
471
482
495
498
510
510
535
544
548
550
554
555
561
580
580
604
618
623
627
628
648
655
667
702
710
711
714
719
729
730
757
758
761
763
767
771
775
785
791
793
795
796
798
813
864
864
866
875
884
911
919
926
929
969
984
987
990
1007
1022
1025
1045
1052
1057
1057
1082
1110
1140
1141
1144
1168
1234
1238
1241
1260
1294
1316
1317
1342
1350
1378
1380
1388
1407
1419
1430
1446
1457
1472
1479
1487
1504
1507
1511
1512
1519
1540
1540
1555
1562
1563
1583
1598
1611
1621
1626
1628
1677
1685
1687
1695
1700
1721
1721
1722
1724
1750
1753
1773
1778
1780
1786
1796
1805
1855
1856
1864
1870
1876
1890
1902
1902
1918
1958
1969
1972
1987
1992
2009
2011
2026
2039
2049
2053
2056
2058
2074
2092
2093
2105
2112
2117
2125
2127
2129
2136
2142
2159
2169
2178
2183
2184
2212
2216
2222
2223
2226
2245
2259
2266
2272
2290
2292
2302
2312
2313
2316
2349
2352
2355
2361
2376
2379
2395
2411
2425
2428
2434
2459
2462
2479
2480
2491
2501
2526
2532
2568
2573
2580
2583
2596
2611
2613
2620
2621
2651
2662
2676
2700
2737
2761
2769
2783
2784
2794
2804
2808
2810
2830
2851
2855
2892
2905
2918
2922
2930
2939
2946
2961
2973
3019
3030
3048
3052
3063
3064
3086
3090
3091
3096
3106
3115
3120
3136
3155
3179
3189
3192
3196
3199
3201
3205
3219
3222
3239
3254
3255
3260
3266
3284
3296
3296
3306
3313
3318
3321
3331
3345
3373
3403
3449
3449
3454
3460
3472
3487
3508
3509
3538
3538
3542
3547
3550
3556
3566
3579
3608
3645
3662
3672
3673
3675
3677
3692
3709
3715
3729
3752
3772
3775
3785
3786
3817
3829
3840
3840
3856
3864
3865
3866
3867
3880
3893
3911
3912
3929
3939
3945
3960
3963
3988
3993
3995
4005
4011
4015
4021
4025
4051
4061
4062
4082
4095
4099
4128
4148
4156
4157
4173
4185
4196
4198
4203
4218
4230
4240
4251
4268
4273
4278
4283
4292
4299
4304
4311
4339
4352
4364
4373
4374
4382
4385
4393
4411
4433
4452
4453
4462
4468
4476
4483
4494
4497
4499
4501
4501
4508
4508
4527
4539
4552
4571
4574
4586
4590
4600
4604
4608
4634
4649
4683
4697
4699
4709
4713
4713
4728
4747
4752
4756
4774
4803
4806
4818
4819
4820
4825
4850
4854
4858
4883
4884
4890
4892
4896
4905
4938
4943
4956
4959
4973
4974
4977
4979
4982
5018
5040
5048
5059
5062
5069
5085
5092
5108
5122
5131
5146
5170
5172
5202
5215
5230
5234
5241
5249
5260
5299
5316
5317
5338
5370
5378
5379
5386
5387
5388
5395
5406
5425
5453
5455
5462
5483
5497
5508
5515
5533
5534
5546
5570
5591
5600
5601
5602
5626
5639
5660
5668
5669
5691
5691
5703
5707
5721
5721
5722
5741
5744
5752
5755
5759
5764
5770
5770
5770
5779
5796
5800
5802
5804
5806
5813
5816
5816
5821
5823
5823
5827
5838
5847
5849
5870
5873
5877
5884
5906
5913
5938
5942
5946
5946
5949
5954
5954
5966
5968
5976
5988
6035
6035
6058
6070
6071
6078
6082
6100
6105
6113
6121
6131
6139
6155
6166
6178
6187
6192
6204
6222
6226
6238
6239
6246
6264
6279
6280
6282
6287
6289
6289
6295
6300
6304
6310
6320
6334
6356
6358
6399
6418
6420
6430
6442
6444
6450
6467
6484
6487
6490
6496
6500
6504
6520
6521
6543
6562
6582
6591
6600
6603
6612
6613
6616
6625
6634
6657
6667
6675
6682
6683
6684
6685
6702
6706
6739
6746
6763
6773
6781
6787
6805
6814
6818
6820
6827
6833
6837
6837
6840
6887
6890
6891
6911
6915
6942
6952
6972
6975
6985
6987
7027
7039
7062
7075
7083
7088
7091
7095
7098
7103
7107
7117
7119
7128
7135
7142
7143
7149
7163
7167
7175
7190
7196
7216
7229
7236
7238
7267
7297
7326
7333
7333
7346
7361
7363
7386
7386
7399
7422
7429
7429
7435
7440
7473
7475
7486
7489
7494
7502
7514
7523
7554
7588
7589
7590
7591
7597
7600
7607
7615
7630
7632
7634
7641
7647
7654
7657
7657
7676
7717
7752
7766
7777
7782
7788
7792
7795
7800
7806
7813
7817
7820
7826
7834
7850
7856
7864
7867
7882
7921
7933
7945
7957
7969
7991
8001
8009
8010
8020
8030
8031
8031
8038
8038
8042
8053
8054
8062
8065
8067
8084
8110
8118
8130
8131
8133
8136
8167
8167
8190
8227
8243
8245
8264
8266
8267
8278
8283
8295
8296
8308
8318
8319
8321
8323
8331
8339
8341
8358
8359
8360
8387
8394
8405
8406
8407
8419
8439
8451
8453
8456
8457
8486
8492
8501
8502
8512
8512
8522
8550
8551
8553
8559
8561
8565
8573
8587
8598
8603
8603
8606
8608
8621
8623
8624
8647
8648
8649
8658
8659
8673
8678
8680
8689
8704
8713
8740
8742
8773
8827
8848
8854
8855
8878
8896
8906
8910
8912
8913
8918
8929
8941
8958
8958
8964
8972
8976
8986
8987
9009
9010
9014
9044
9063
9079
9091
9099
9104
9110
9127
9132
9142
9142
9152
9169
9169
9175
9182
9189
9190
9197
9215
9220
9228
9236
9247
9257
9269
9281
9285
9289
9302
9311
9315
9338
9358
9365
9379
9382
9384
9387
9397
9406
9411
9415
9428
9431
9437
9438
9443
9455
9457
9458
9471
9473
9482
9484
9490
9491
9498
9507
9524
9540
9541
9541
9544
9549
9582
9582
9588
9597
9598
9607
9608
9614
9616
9627
9629
9632
9637
9648
9655
9667
9675
9676
9692
9692
9694
9699
9707
9708
9727
9727
9750
9755
9788
9803
9823
9833
9841
9865
9870
9914
9915
9921
9932
9932
9939
9945
9974
9986
10000
10001
10007
10008
10010
10012
10021
10033
10037
10049
10059
10061
10064
10088
10090
10095
10096
10097
10128
10137
10141
10142
10153
10169
10175
10185
10186
10196
10214
10217
10226
10235
10263
10268
10272
10284
10295
10296
10302
10320
10327
10330
10340
10366
10404
10421
10424
10436
10440
10446
10466
10470
10471
10478
10485
10495
10499
10534
10552
10559
10574
10576
10599
10604
10610
10626
10628
10669
10673
10675
10680
10713
10723
10739
10746
10746
10757
10759
10765
10765
10774
10781
10868
10874
10877
10893
10899
10900
10906
10914
10918
10921
10928
10962
10968
10976
10982
11012
11026
11073
11074
11090
11094
11096
11109
11110
11114
11149
11157
11163
11175
11180
11184
11209
11231
11249
11252
11254
11256
11256
11258
11268
11270
11278
11291
11306
11324
11335
11340
11362
11389
11390
11400
11417
11432
11441
11472
11472
11484
11499
11503
11507
11508
11515
11518
11524
11572
11573
11576
11582
11595
11603
11605
11613
11613
11636
11663
11671
11672
11680
11708
11709
11719
11719
11721
11726
11729
11740
11757
11758
11760
11766
11795
11795
11805
11826
11834
11844
11882
11882
11892
11907
11917
11922
11945
11956
11960
11963
11965
11970
11989
11993
12006
12010
12012
12020
12033
12042
12062
12063
12087
12094
12095
12118
12124
12136
12142
12152
12175
12184
12187
12189
12194
12202
12207
12215
12227
12231
12237
12242
12248
12255
12266
12288
12295
12296
12302
12315
12321
12321
12345
12369
12396
12401
12407
12423
12442
12449
12450
12464
12464
12486
12506
12528
12544
12548
12566
12581
12585
12588
12616
12621
12624
12650
12651
12668
12670
12682
12692
12694
12704
12723
12730
12738
12745
12753
12754
12781
12782
12787
12796
12819
12821
12822
12826
12860
12874
12895
12903
12914
12916
12921
12922
12933
12937
12943
12944
12950
12951
12959
12964
12982
12986
12996
13012
13014
13030
13037
13038
13039
13048
13056
13086
13088
13146
13148
13169
13170
13174
13182
13195
13208
13209
13218
13238
13241
13258
13259
13267
13268
13292
13297
13300
13306
13326
13330
13332
13346
13352
13352
13359
13359
13394
13428
13433
13437
13439
13441
13467
13470
13471
13476
13488
13537
13544
13546
13549
13562
13564
13568
13570
13580
13584
13592
13593
13597
13634
13647
13648
13656
13676
13678
13710
13724
13728
13753
13761
13784
13785
13789
13789
13792
13792
13795
13800
13805
13807
13826
13827
13836
13840
13844
13853
13860
13871
13893
13912
13948
13950
13963
13964
13995
14000
14037
14042
14047
14048
14061
14071
14076
14085
14088
14088
14093
14116
14117
14123
14124
14126
14137
14150
14151
14174
14191
14191
14194
14204
14208
14225
14235
14258
14267
14274
14277
14281
14289
14296
14307
14317
14321
14385
14395
14403
14412
14413
14425
14436
14446
14458
14463
14501
14505
14531
14547
14568
14569
14577
14580
14581
14596
14605
14623
14624
14627
14640
14657
14673
14679
14680
14689
14703
14703
14707
14710
14710
14724
14729
14740
14743
14748
14751
14758
14761
14770
14783
14791
14794
14801
14812
14817
14826
14830
14830
14849
14867
14867
14871
14885
14888
14903
14920
14930
14935
14941
14944
14949
14955
14959
14960
14962
14965
14968
14971
14974
14976
14988
15000
15008
15009
15025
15030
15033
15048
15057
15064
15090
15093
15121
15122
15123
15140
15148
15157
15168
15171
15176
15184
15203
15206
15208
15212
15221
15226
15234
15237
15237
15248
15272
15276
15290
15292
15292
15303
15328
15415
15424
15427
15427
15442
15469
15482
15483
15486
15489
15492
15497
15498
15499
15520
15529
15542
15545
15546
15554
15575
15582
15596
15617
15618
15626
15639
15659
15663
15669
15671
15679
15687
15690
15701
15701
15721
15725
15735
15750
15752
15758
15764
15769
15809
15824
15831
15841
15843
15852
15858
15881
15881
15924
15927
15938
15946
15947
15955
15956
15956
15982
15985
15986
16023
16046
16055
16065
16070
16097
16099
16122
16123
16142
16146
16165
16169
16179
16191
16192
16210
16213
16228
16236
16237
16271
16275
16296
16306
16311
16324
16333
16334
16335
16335
16379
16387
16393
16396
16399
16416
16416
16419
16424
16429
16441
16448
16454
16458
16461
16469
16473
16486
16504
16510
16510
16512
16533
16564
16570
16604
16619
16640
16641
16641
16646
16650
16663
16665
16685
16692
16699
16712
16716
16722
16726
16737
16754
16756
16762
16765
16773
16787
16831
16834
16872
16879
16882
16887
16896
16896
16899
16910
16914
16923
16932
16954
16959
16982
16985
16987
17003
17022
17023
17031
17047
17052
17066
17074
17086
17087
17091
17100
17113
17120
17124
17130
17136
17155
17160
17184
17209
17215
17218
17235
17237
17239
17274
17293
17297
17300
17312
17316
17325
17332
17333
17376
17402
17420
17436
17444
17449
17450
17480
17490
17503
17517
17543
17556
17565
17566
17586
17587
17589
17594
17600
17607
17623
17633
17638
17653
17655
17658
17666
17689
17723
17725
17787
17789
17799
17800
17803
17853
17860
17862
17869
17872
17875
17880
17886
17893
17898
17913
17926
17943
17948
17951
17994
17997
18012
18012
18014
18016
18019
18022
18034
18041
18059
18060
18060
18062
18063
18076
18084
18093
18118
18142
18144
18160
18169
18172
18196
18208
18211
18222
18231
18246
18260
18265
18276
18280
18308
18327
18331
18338
18359
18375
18376
18376
18380
18381
18381
18381
18391
18395
18396
18410
18417
18420
18428
18440
18443
18447
18470
18492
18500
18506
18507
18513
18517
18526
18532
18580
18588
18591
18608
18619
18620
18631
18642
18660
18666
18681
18683
18726
18732
18735
18752
18763
18769
18769
18771
18788
18808
18820
18837
18843
18851
18872
18885
18886
18893
18912
18918
18930
18954
18971
18978
18980
18994
18999
19018
19030
19045
19055
19107
19125
19127
19138
19139
19154
19168
19184
19184
19187
19201
19205
19237
19241
19254
19270
19278
19320
19400
19416
19429
19433
19447
19483
19487
19491
19507
19512
19514
19514
19522
19522
19542
19553
19570
19590
19605
19623
19670
19690
19718
19726
19731
19745
19757
19764
19776
19785
19787
19797
19798
19799
19799
19813
19817
19825
19829
19837
19841
19843
19862
19862
19890
19893
19899
19922
19951
19954
19980
19992
19999
20004
20004
20015
20044
20048
20050
20052
20073
20076
20076
20082
20101
20103
20106
20115
20118
20121
20134
20138
20141
20156
20175
20180
20189
20192
20195
20198
20202
20205
20206
20212
20219
20227
20239
20245
20249
20257
20259
20277
20286
20287
20289
20310
20313
20318
20329
20350
20351
20363
20366
20367
20374
20385
20403
20429
20436
20447
20449
20458
20470
20501
20505
20513
20515
20535
20546
20548
20554
20561
20561
20564
20566
20567
20575
20580
20612
20618
20626
20632
20648
20651
20656
20666
20674
20677
20687
20694
20756
20767
20767
20778
20793
20795
20798
20814
20821
20825
20836
20848
20856
20860
20873
20892
20904
20905
20908
20931
20940
20985
20991
20993
20997
21022
21022
21025
21032
21045
21048
21053
21064
21065
21071
21077
21082
21086
21097
21108
21112
21123
21126
21143
21152
21164
21165
21168
21174
21180
21191
21194
21198
21200
21206
21208
21221
21223
21224
21227
21239
21239
21254
21257
21268
21269
21273
21292
21297
21299
21300
21306
21311
21313
21324
21331
21352
21374
21381
21384
21402
21409
21424
21425
21431
21461
21467
21472
21472
21488
21492
21511
21514
21523
21554
21569
21590
21605
21625
21629
21629
21630
21673
21684
21692
21701
21708
21712
21728
21750
21756
21774
21814
21825
21835
21848
21870
21873
21874
21874
21876
21886
21890
21906
21911
21919
21929
21930
21935
21945
21945
21966
21968
21972
21973
21982
21984
21997
22018
22019
22045
22064
22065
22072
22094
22095
22096
22113
22115
22121
22130
22136
22159
22163
22175
22176
22177
22210
22214
22253
22255
22270
22276
22281
22294
22296
22301
22303
22341
22351
22366
22382
22396
22409
22410
22423
22425
22430
22436
22447
22466
22469
22493
22511
22523
22538
22540
22545
22550
22552
22554
22579
22581
22588
22588
22605
22605
22622
22637
22639
22645
22646
22646
22653
22654
22656
22662
22663
22668
22680
22681
22703
22703
22707
22712
22713
22733
22736
22737
22741
22745
22750
22798
22813
22818
22826
22830
22839
22864
22867
22876
22894
22904
22938
22949
22950
22957
22971
22971
22973
22973
22978
22987
22991
22992
22999
23001
23005
23014
23027
23029
23038
23042
23048
23062
23070
23074
23089
23090
23111
23116
23152
23155
23159
23206
23229
23232
23236
23238
23270
23274
23283
23291
23301
23308
23311
23312
23331
23347
23351
23352
23356
23375
23381
23383
23389
23413
23417
23426
23428
23448
23464
23482
23490
23498
23499
23506
23526
23541
23556
23558
23579
23597
23610
23630
23632
23636
23653
23664
23674
23675
23676
23677
23679
23688
23689
23695
23709
23710
23730
23731
23747
23772
23779
23780
23781
23782
23787
23814
23823
23834
23844
23859
23861
23861
23866
23869
23887
23887
23896
23910
23928
23938
23943
23962
23965
23980
24008
24036
24039
24039
24061
24084
24092
24100
24106
24114
24116
24130
24141
24143
24149
24166
24172
24173
24204
24239
24242
24257
24266
24267
24267
24278
24311
24320
24320
24343
24343
24348
24358
24365
24377
24379
24380
24380
24382
24394
24396
24404
24407
24411
24411
24415
24420
24422
24451
24457
24468
24471
24484
24512
24519
24519
24533
24554
24560
24562
24563
24570
24580
24583
24588
24600
24609
24618
24622
24638
24641
24646
24705
24740
24752
24764
24766
24767
24770
24770
24776
24777
24787
24796
24804
24810
24824
24827
24832
24848
24850
24865
24873
24877
24883
24883
24894
24931
24945
24957
24972
24978
24978
25006
25027
25032
25033
25037
25038
25050
25065
25067
25088
25089
25100
25103
25113
25119
25147
25163
25164
25166
25192
25215
25237
25258
25263
25291
25313
25335
25336
25344
25361
25371
25377
25386
25390
25391
25400
25401
25416
25417
25424
25426
25450
25451
25480
25488
25493
25504
25509
25511
25513
25513
25531
25538
25541
25543
25547
25552
25556
25570
25594
25607
25607
25612
25621
25621
25646
25657
25689
25690
25691
25694
25695
25700
25722
25727
25735
25757
25784
25796
25812
25812
25831
25842
25869
25869
25882
25898
25919
25946
25956
25963
25969
25978
25997
26000
26003
26003
26023
26024
26042
26050
26057
26059
26060
26064
26064
26076
26078
26081
26085
26098
26102
26107
26110
26114
26129
26133
26149
26151
26152
26152
26153
26164
26170
26173
26174
26180
26207
26208
26219
26224
26242
26245
26256
26257
26264
26282
26284
26298
26330
26337
26340
26345
26346
26374
26390
26405
26410
26410
26411
26418
26445
26448
26449
26453
26467
26476
26491
26499
26504
26514
26519
26524
26525
26540
26551
26575
26583
26622
26627
26647
26678
26683
26687
26696
26698
26709
26731
26734
26750
26762
26767
26769
26773
26778
26784
26789
26790
26793
26800
26820
26821
26829
26831
26832
26835
26841
26864
26864
26871
26914
26934
26942
26946
26969
27016
27018
27021
27023
27042
27045
27048
27057
27060
27069
27069
27073
27073
27114
27115
27115
27119
27120
27152
27156
27179
27187
27237
27238
27251
27258
27272
27278
27287
27287
27302
27320
27340
27347
27348
27368
27383
27390
27418
27439
27440
27449
27453
27455
27481
27482
27503
27510
27514
27516
27517
27518
27532
27540
27573
27580
27585
27585
27587
27593
27625
27627
27636
27648
27651
27660
27673
27675
27681
27683
27683
27691
27732
27791
27802
27815
27828
27841
27852
27862
27868
27878
27896
27897
27910
27923
27955
27961
27962
27966
27973
27989
27994
28002
28005
28007
28082
28091
28100
28107
28108
28116
28121
28122
28128
28131
28141
28162
28182
28199
28200
28214
28214
28220
28228
28230
28233
28248
28251
28252
28256
28334
28337
28347
28360
28363
28367
28390
28406
28412
28421
28437
28446
28457
28464
28466
28467
28477
28479
28496
28500
28515
28519
28555
28558
28566
28583
28587
28595
28597
28600
28600
28613
28643
28643
28650
28672
28687
28688
28689
28692
28698
28726
28729
28746
28750
28772
28778
28802
28802
28804
28804
28808
28810
28823
28826
28842
28842
28844
28852
28858
28865
28871
28890
28907
28924
28928
28958
28962
28974
28978
28983
28990
28992
29001
29033
29034
29051
29054
29061
29088
29103
29106
29112
29112
29119
29132
29134
29137
29146
29151
29161
29172
29181
29216
29221
29222
29230
29241
29246
29246
29248
29250
29256
29303
29320
29323
29325
29328
29330
29332
29352
29355
29380
29384
29416
29419
29431
29437
29481
29483
29524
29530
29536
29550
29551
29553
29555
29559
29559
29569
29589
29592
29598
29611
29631
29673
29673
29682
29689
29697
29739
29742
29749
29784
29785
29796
29807
29823
29831
29853
29854
29856
29861
29864
29895
29896
29904
29915
29934
29944
29947
29992
29993
29993
29998
30021
30026
30029
30039
30044
30063
30064
30072
30076
30079
30087
30090
30105
30117
30118
30123
30123
30133
30141
30143
30150
30156
30159
30164
30170
30174
30179
30184
30185
30185
30195
30217
30230
30239
30240
30242
30243
30243
30244
30248
30250
30251
30272
30288
30288
30312
30318
30321
30339
30349
30355
30355
30356
30371
30382
30403
30408
30425
30427
30433
30462
30466
30470
30471
30483
30483
30490
30492
30502
30516
30520
30539
30544
30551
30569
30572
30584
30595
30604
30625
30634
30665
30667
30673
30681
30692
30699
30706
30709
30711
30724
30740
30743
30748
30750
30755
30759
30774
30778
30798
30806
30809
30814
30826
30833
30844
30861
30871
30875
30880
30902
30913
30915
30918
30927
30937
30951
30951
30964
30965
30997
31026
31031
31042
31055
31057
31059
31083
31085
31095
31102
31104
31115
31119
31158
31166
31174
31175
31181
31182
31182
31191
31200
31209
31210
31222
31227
31238
31243
31245
31256
31257
31265
31267
31273
31274
31286
31294
31316
31328
31341
31345
31349
31350
31353
31367
31386
31395
31401
31402
31421
31425
31448
31459
31488
31490
31499
31506
31513
31527
31534
31554
31557
31578
31604
31631
31638
31643
31647
31680
31681
31685
31701
31714
31722
31735
31744
31747
31747
31755
31758
31761
31801
31808
31814
31814
31815
31817
31821
31821
31826
31846
31878
31896
31906
31917
31923
31929
31930
31938
31950
31974
32016
32018
32032
32034
32050
32051
32060
32072
32075
32087
32094
32094
32104
32110
32115
32127
32130
32153
32162
32186
32211
32229
32240
32244
32248
32248
32258
32267
32268
32269
32275
32284
32285
32310
32312
32359
32371
32376
32401
32417
32431
32442
32443
32455
32459
32472
32474
32511
32517
32526
32553
32553
32576
32584
32592
32593
32596
32607
32613
32620
32622
32626
32636
32638
32655
32675
32677
32683
32688
32690
32699
32700
32713
32716
32723
32724
32732
32742
32744
32750
32765
32791
32797
32798
32799
32803
32808
32813
32831
32838
32843
32844
32847
32850
32852
32854
32855
32864
32885
32924
32925
32928
32949
32988
32995
33008
33017
33019
33029
33040
33084
33085
33086
33093
33093
33093
33097
33097
33105
33109
33121
33139
33157
33163
33173
33185
33197
33209
33226
33231
33234
33237
33259
33286
33312
33312
33329
33343
33358
33359
33361
33369
33394
33397
33411
33450
33470
33471
33485
33499
33504
33531
33541
33542
33544
33548
33558
33585
33589
33590
33594
33597
33600
33617
33636
33673
33694
33698
33719
33726
33751
33766
33782
33789
33794
33795
33798
33805
33836
33904
33904
33921
33922
33941
33947
33956
33970
33973
34003
34018
34057
34071
34079
34104
34105
34106
34111
34114
34119
34140
34141
34142
34143
34148
34151
34152
34191
34197
34207
34241
34256
34259
34270
34274
34291
34296
34298
34305
34324
34333
34337
34374
34384
34410
34413
34414
34428
34429
34486
34493
34514
34519
34519
34525
34547
34568
34570
34577
34595
34612
34628
34633
34638
34638
34640
34641
34644
34651
34653
34655
34663
34671
34680
34687
34690
34694
34734
34734
34747
34758
34810
34820
34838
34861
34868
34869
34879
34885
34906
34911
34918
34918
34941
34945
34945
34948
34957
34958
34965
34968
34980
34988
34994
35011
35017
35021
35024
35030
35037
35063
35067
35070
35072
35151
35160
35163
35168
35169
35191
35191
35214
35234
35260
35268
35287
35301
35305
35309
35311
35317
35335
35342
35351
35360
35392
35395
35399
35411
35414
35419
35422
35431
35439
35440
35441
35457
35482
35495
35496
35505
35514
35517
35524
35541
35544
35553
35553
35566
35574
35578
35593
35596
35597
35599
35626
35633
35636
35639
35643
35650
35658
35667
35677
35691
35699
35705
35726
35737
35739
35742
35744
35756
35760
35780
35789
35803
35804
35812
35847
35854
35856
35860
35862
35882
35896
35897
35909
35930
35934
35938
35951
35960
35967
35982
35984
35991
35993
36014
36019
36021
36029
36032
36039
36040
36044
36077
36088
36106
36114
36119
36130
36145
36149
36155
36155
36157
36163
36171
36179
36184
36207
36211
36218
36221
36224
36226
36237
36238
36239
36263
36264
36282
36295
36298
36301
36309
36312
36340
36342
36354
36364
36367
36370
36377
36384
36385
36412
36414
36416
36433
36434
36444
36454
36455
36469
36473
36475
36487
36488
36488
36489
36490
36492
36497
36499
36504
36504
36510
36514
36521
36523
36534
36556
36567
36574
36576
36584
36584
36605
36611
36617
36622
36665
36691
36698
36704
36734
36747
36753
36759
36766
36784
36791
36801
36806
36830
36869
36872
36883
36891
36899
36908
36913
36925
36936
36947
36949
36952
36966
36968
36970
36995
37000
37015
37016
37028
37031
37036
37037
37048
37057
37058
37063
37066
37074
37079
37104
37113
37122
37126
37148
37152
37193
37206
37214
37215
37222
37236
37241
37249
37253
37254
37255
37270
37281
37298
37308
37316
37342
37361
37365
37367
37390
37391
37411
37411
37414
37418
37423
37431
37433
37433
37461
37472
37479
37479
37495
37505
37507
37519
37528
37529
37534
37541
37542
37547
37555
37567
37579
37614
37629
37632
37645
37645
37649
37664
37675
37695
37711
37715
37727
37730
37755
37803
37804
37807
37811
37817
37819
37824
37846
37855
37860
37870
37871
37881
37891
37892
37899
37913
37918
37929
37931
37940
37953
37978
37981
37994
38005
38010
38019
38031
38034
38054
38054
38072
38079
38097
38101
38107
38111
38121
38128
38130
38135
38141
38157
38169
38189
38196
38210
38211
38220
38226
38229
38277
38278
38284
38293
38293
38293
38295
38298
38299
38304
38309
38330
38334
38334
38368
38392
38396
38397
38398
38406
38415
38418
38420
38452
38471
38471
38475
38476
38485
38489
38490
38500
38515
38516
38529
38538
38556
38586
38602
38618
38642
38647
38649
38653
38695
38715
38726
38735
38738
38745
38745
38751
38767
38780
38786
38789
38790
38792
38813
38828
38834
38836
38841
38878
38883
38893
38896
38901
38909
38911
38914
38939
38945
38946
38953
38977
38978
38986
39005
39027
39033
39038
39049
39051
39065
39066
39072
39094
39108
39124
39135
39142
39148
39170
39171
39171
39181
39206
39216
39237
39267
39272
39285
39306
39307
39311
39321
39327
39335
39339
39341
39345
39347
39375
39380
39383
39426
39434
39446
39452
39461
39475
39485
39486
39487
39490
39491
39499
39499
39502
39516
39532
39533
39541
39561
39569
39594
39618
39621
39624
39634
39634
39644
39646
39650
39658
39663
39673
39683
39687
39700
39702
39725
39731
39748
39762
39765
39771
39784
39786
39794
39796
39797
39803
39829
39830
39847
39864
39872
39874
39874
39886
39900
39927
39941
39970
39976
39982
39999
40010
40012
40016
40018
40020
40043
40054
40057
40061
40063
40085
40091
40113
40139
40146
40153
40159
40162
40171
40174
40194
40198
40202
40210
40247
40259
40277
40302
40306
40312
40325
40350
40352
40353
40359
40364
40372
40373
40409
40432
40438
40444
40447
40464
40466
40489
40543
40551
40568
40588
40607
40608
40616
40619
40635
40644
40657
40657
40677
40714
40715
40719
40732
40769
40775
40782
40806
40806
40812
40897
40900
40912
40931
40936
40958
40979
40986
40999
41004
41005
41035
41040
41043
41076
41076
41078
41080
41098
41098
41105
41117
41129
41143
41145
41157
41184
41189
41192
41194
41196
41205
41205
41217
41224
41230
41231
41234
41239
41263
41286
41288
41289
41290
41320
41328
41338
41339
41342
41345
41353
41369
41388
41397
41399
41405
41420
41421
41426
41441
41447
41448
41453
41462
41466
41468
41480
41493
41493
41505
41509
41529
41539
41540
41544
41545
41549
41560
41565
41585
41587
41591
41600
41658
41666
41673
41700
41724
41729
41732
41738
41743
41748
41757
41758
41788
41801
41827
41828
41853
41857
41862
41882
41885
41890
41897
41897
41908
41908
41929
41937
41937
41947
41966
41967
41979
41984
41991
42012
42012
42014
42021
42029
42038
42039
42044
42061
42073
42073
42076
42080
42085
42097
42120
42144
42158
42164
42181
42181
42181
42193
42234
42252
42266
42283
42298
42301
42326
42329
42334
42342
42362
42382
42386
42391
42418
42422
42428
42434
42448
42452
42459
42476
42480
42514
42518
42533
42540
42549
42550
42557
42584
42602
42613
42615
42619
42623
42625
42645
42662
42664
42687
42690
42693
42701
42703
42706
42750
42751
42769
42773
42799
42814
42817
42827
42834
42861
42861
42863
42874
42875
42885
42893
42893
42903
42918
42922
42922
42952
42966
42976
42978
42987
43009
43014
43045
43052
43052
43053
43067
43082
43101
43123
43134
43136
43143
43143
43148
43159
43164
43168
43178
43187
43197
43214
43227
43227
43248
43269
43271
43275
43281
43297
43330
43359
43372
43375
43401
43403
43432
43435
43440
43449
43462
43480
43489
43494
43501
43536
43538
43539
43545
43555
43591
43612
43617
43625
43630
43646
43647
43663
43668
43669
43672
43686
43688
43707
43709
43715
43716
43733
43744
43790
43791
43792
43803
43812
43842
43851
43852
43856
43863
43867
43876
43885
43908
43908
43916
43945
43946
43965
43973
43974
43978
43987
43991
44009
44032
44038
44049
44053
44075
44080
44083
44096
44106
44122
44122
44127
44129
44139
44140
44147
44155
44186
44190
44200
44201
44203
44204
44207
44236
44240
44241
44242
44242
44276
44286
44296
44314
44321
44325
44354
44359
44379
44386
44390
44394
44396
44421
44426
44427
44474
44481
44497
44500
44502
44530
44537
44537
44559
44562
44625
44630
44645
44661
44670
44715
44720
44735
44759
44761
44765
44769
44777
44788
44837
44848
44867
44885
44895
44899
44917
44920
44928
44935
44940
44947
44950
44950
44951
44960
44961
44973
44973
44978
45006
45024
45030
45030
45039
45039
45048
45064
45075
45078
45091
45113
45117
45148
45170
45182
45189
45194
45195
45200
45214
45221
45223
45234
45247
45259
45261
45267
45273
45273
45286
45290
45300
45301
45303
45322
45323
45352
45373
45378
45386
45396
45399
45411
45413
45430
45459
45464
45469
45474
45484
45488
45500
45530
45536
45539
45547
45552
45553
45558
45582
45594
45595
45597
45604
45628
45633
45648
45653
45653
45667
45668
45675
45681
45682
45695
45702
45702
45704
45705
45706
45728
45734
45750
45765
45772
45773
45793
45799
45812
45813
45816
45834
45834
45844
45860
45875
45886
45909
45912
45921
45924
45935
45941
45961
45968
45991
46007
46008
46021
46039
46039
46064
46092
46095
46111
46117
46148
46161
46161
46163
46171
46172
46189
46192
46193
46199
46201
46205
46212
46217
46222
46238
46249
46260
46282
46284
46288
46305
46339
46348
46361
46382
46407
46410
46437
46456
46469
46469
46472
46486
46492
46507
46512
46518
46532
46532
46534
46536
46547
46552
46553
46557
46562
46580
46586
46588
46604
46606
46609
46634
46639
46644
46650
46658
46685
46695
46698
46713
46732
46739
46750
46801
46802
46806
46811
46836
46837
46854
46867
46868
46869
46880
46906
46912
46924
46934
46936
46947
46948
46952
46952
46965
46966
46967
46969
46975
46983
47023
47027
47050
47053
47062
47065
47078
47097
47122
47127
47142
47146
47149
47162
47200
47211
47235
47236
47248
47250
47281
47296
47325
47353
47374
47377
47384
47390
47403
47408
47414
47417
47427
47435
47451
47452
47455
47458
47459
47483
47496
47500
47507
47509
47520
47521
47525
47525
47527
47575
47597
47599
47620
47634
47645
47651
47653
47656
47671
47684
47685
47692
47696
47716
47719
47719
47722
47726
47739
47744
47755
47756
47758
47761
47762
47766
47768
47789
47801
47828
47833
47851
47861
47880
47884
47888
47891
47894
47912
47915
47917
47922
47930
47933
47942
47962
47967
47972
47977
47980
48001
48015
48051
48053
48054
48064
48076
48079
48091
48098
48113
48115
48149
48152
48162
48166
48166
48173
48182
48215
48250
48272
48302
48315
48317
48324
48331
48348
48358
48360
48424
48443
48457
48457
48474
48476
48484
48485
48495
48506
48537
48542
48547
48561
48576
48578
48586
48591
48600
48613
48635
48666
48685
48685
48686
48699
48708
48723
48745
48781
48784
48788
48792
48793
48796
48811
48839
48844
48857
48858
48886
48922
48931
48954
48959
48984
48988
48995
48996
48996
49000
49018
49021
49022
49033
49033
49049
49062
49065
49076
49112
49117
49145
49166
49171
49177
49184
49185
49200
49201
49216
49247
49259
49296
49304
49310
49318
49318
49336
49364
49369
49371
49372
49387
49392
49411
49415
49420
49436
49437
49449
49475
49492
49496
49505
49511
49514
49526
49556
49568
49569
49597
49597
49600
49611
49616
49619
49623
49635
49652
49660
49672
49687
49689
49717
49753
49765
49774
49783
49796
49820
49843
49853
49855
49871
49871
49877
49889
49891
49892
49898
49902
49903
49906
49916
49919
49922
49923
49926
49933
49944
49948
49962
49967
49971
50016
50028
50035
50042
50067
50077
50080
50092
50093
50109
50135
50137
50146
50158
50159
50177
50181
50186
50192
50203
50206
50219
50226
50228
50228
50242
50249
50281
50309
50316
50318
50320
50324
50324
50334
50340
50346
50353
50364
50370
50372
50401
50406
50420
50423
50431
50433
50435
50437
50437
50442
50445
50452
50472
50479
50496
50496
50502
50509
50511
50515
50520
50537
50570
50575
50602
50605
50614
50626
50642
50645
50648
50649
50650
50667
50678
50682
50685
50712
50713
50720
50749
50752
50755
50755
50757
50768
50768
50771
50782
50793
50797
50798
50835
50838
50842
50853
50858
50859
50876
50899
50901
50914
50928
50948
50953
50959
50960
50961
50994
50998
51019
51036
51052
51057
51062
51069
51087
51096
51098
51101
51102
51122
51128
51142
51153
51158
51161
51165
51176
51192
51193
51223
51230
51245
51249
51260
51266
51285
51301
51302
51307
51309
51311
51321
51328
51329
51334
51335
51337
51357
51357
51363
51370
51371
51382
51386
51389
51418
51435
51466
51473
51521
51530
51550
51551
51563
51571
51629
51630
51634
51635
51646
51646
51658
51662
51663
51674
51679
51691
51691
51694
51698
51713
51745
51751
51752
51778
51791
51818
51840
51857
51859
51877
51877
51878
51887
51902
51904
51907
51920
51935
51937
51941
51944
51953
51954
51955
51971
51985
52006
52009
52027
52035
52047
52066
52072
52084
52093
52096
52106
52134
52139
52140
52148
52166
52166
52167
52170
52176
52192
52201
52210
52227
52240
52241
52256
52265
52273
52288
52288
52294
52295
52296
52314
52315
52335
52341
52356
52358
52367
52367
52376
52393
52396
52403
52405
52405
52413
52415
52456
52469
52476
52483
52486
52495
52516
52524
52527
52537
52548
52559
52598
52613
52621
52634
52638
52656
52665
52685
52689
52689
52698
52701
52703
52708
52708
52746
52769
52800
52803
52804
52805
52818
52824
52828
52844
52844
52852
52864
52882
52886
52895
52909
52919
52921
52955
52965
52970
52971
52979
52984
52988
53001
53003
53011
53012
53018
53022
53032
53034
53038
53039
53050
53056
53063
53077
53090
53092
53103
53112
53119
53126
53164
53192
53203
53204
53244
53254
53269
53271
53317
53341
53350
53353
53354
53407
53408
53408
53421
53423
53435
53442
53465
53467
53468
53474
53489
53501
53520
53524
53524
53525
53530
53537
53538
53549
53557
53595
53596
53611
53613
53614
53620
53630
53632
53634
53638
53639
53645
53659
53685
53692
53698
53708
53720
53721
53722
53737
53763
53769
53778
53779
53783
53790
53796
53826
53827
53830
53840
53850
53865
53874
53885
53887
53888
53896
53896
53908
53921
53935
53964
53964
53969
53970
53972
53981
53997
54003
54007
54008
54014
54024
54031
54031
54034
54049
54060
54082
54086
54091
54096
54107
54114
54119
54122
54124
54144
54155
54166
54172
54183
54188
54210
54212
54220
54229
54236
54260
54264
54286
54298
54300
54303
54316
54321
54329
54332
54350
54352
54353
54376
54396
54396
54398
54403
54404
54409
54426
54452
54471
54498
54498
54508
54509
54514
54518
54531
54537
54552
54553
54558
54569
54574
54579
54581
54591
54592
54606
54607
54621
54630
54631
54642
54645
54681
54683
54687
54687
54713
54721
54726
54728
54739
54759
54762
54764
54777
54780
54781
54783
54811
54820
54823
54834
54835
54840
54861
54870
54873
54876
54896
54896
54897
54911
54911
54919
54920
54927
54933
54934
54942
54950
54951
54970
54975
54992
55002
55006
55009
55038
55044
55045
55045
55047
55065
55080
55091
55099
55110
55126
55143
55147
55147
55170
55177
55193
55208
55281
55282
55303
55306
55319
55328
55331
55339
55383
55397
55400
55401
55421
55424
55427
55431
55435
55440
55445
55446
55462
55463
55473
55474
55481
55489
55498
55506
55510
55514
55536
55547
55549
55552
55561
55562
55565
55572
55573
55573
55574
55581
55585
55593
55629
55637
55669
55679
55697
55710
55729
55736
55739
55750
55794
55801
55806
55814
55821
55841
55860
55868
55878
55891
55911
55924
55936
55937
55955
55961
55979
55980
55989
55991
55994
56024
56027
56032
56039
56043
56044
56046
56049
56055
56063
56073
56080
56080
56080
56085
56103
56104
56125
56146
56159
56167
56171
56172
56199
56205
56214
56217
56232
56242
56249
56250
56262
56280
56280
56281
56284
56288
56290
56297
56299
56302
56308
56308
56309
56318
56323
56324
56325
56343
56349
56355
56358
56363
56364
56365
56366
56371
56377
56378
56379
56414
56428
56458
56460
56467
56479
56490
56504
56511
56535
56535
56537
56543
56550
56558
56571
56587
56597
56606
56607
56610
56614
56645
56647
56663
56669
56674
56685
56687
56689
56698
56719
56722
56725
56734
56738
56750
56756
56759
56771
56772
56793
56796
56811
56816
56819
56838
56849
56876
56880
56883
56889
56891
56894
56897
56912
56912
56916
56936
56940
56940
56945
56962
56965
56967
56991
57001
57019
57030
57032
57033
57042
57052
57064
57081
57083
57092
57094
57103
57112
57122
57123
57132
57184
57198
57201
57211
57212
57260
57264
57268
57283
57284
57285
57302
57318
57330
57355
57360
57365
57382
57385
57410
57411
57412
57426
57432
57436
57447
57459
57461
57463
57497
57504
57506
57507
57523
57551
57554
57566
57577
57584
57584
57590
57620
57633
57642
57647
57650
57652
57666
57668
57669
57683
57684
57690
57706
57707
57711
57718
57765
57775
57792
57804
57833
57861
57873
57889
57895
57900
57903
57938
57978
57983
57991
58000
58005
58005
58005
58013
58015
58056
58070
58088
58116
58118
58133
58137
58154
58173
58174
58182
58197
58215
58218
58219
58235
58252
58259
58276
58316
58330
58342
58342
58344
58347
58361
58365
58373
58392
58419
58441
58449
58457
58457
58471
58491
58493
58505
58517
58527
58555
58557
58569
58573
58575
58588
58591
58591
58597
58629
58649
58678
58685
58709
58713
58721
58721
58730
58741
58743
58750
58762
58763
58766
58800
58811
58823
58838
58845
58853
58867
58875
58876
58889
58895
58896
58909
58950
58983
58994
59001
59011
59041
59052
59061
59084
59162
59185
59186
59189
59204
59210
59219
59220
59222
59229
59233
59237
59239
59257
59273
59273
59275
59305
59310
59313
59319
59331
59332
59339
59340
59369
59376
59399
59419
59427
59434
59435
59459
59473
59483
59488
59503
59506
59524
59534
59541
59543
59546
59557
59558
59569
59570
59575
59601
59604
59608
59612
59628
59635
59653
59653
59659
59666
59668
59669
59674
59674
59678
59680
59687
59706
59712
59716
59728
59728
59740
59748
59752
59754
59760
59772
59779
59780
59784
59802
59817
59845
59852
59856
59860
59869
59870
59871
59884
59888
59889
59907
59910
59912
59912
59918
59921
59927
59929
59930
59933
59934
59946
59952
59952
59965
59997
59997
60022
60051
60063
60071
60071
60077
60081
60096
60116
60120
60124
60126
60136
60154
60157
60159
60165
60169
60171
60178
60187
60195
60198
60222
60227
60237
60239
60263
60269
60289
60293
60298
60310
60313
60329
60353
60362
60371
60377
60383
60399
60403
60407
60417
60420
60438
60439
60439
60444
60450
60453
60458
60495
60499
60503
60504
60528
60555
60568
60575
60580
60582
60582
60583
60595
60596
60598
60604
60617
60634
60638
60641
60644
60659
60663
60670
60672
60682
60717
60735
60736
60757
60788
60797
60799
60817
60825
60825
60827
60859
60863
60866
60869
60869
60883
60893
60898
60904
60915
60929
60958
60975
60977
60982
60989
61009
61012
61014
61018
61040
61052
61053
61067
61077
61086
61089
61096
61108
61111
61114
61114
61115
61124
61146
61147
61152
61157
61174
61207
61216
61218
61219
61226
61229
61243
61253
61254
61259
61265
61295
61303
61328
61331
61333
61337
61337
61341
61341
61348
61374
61374
61376
61378
61388
61399
61412
61421
61427
61435
61438
61442
61445
61448
61482
61484
61485
61485
61489
61492
61498
61501
61512
61520
61533
61548
61582
61593
61597
61604
61624
61647
61659
61684
61687
61688
61703
61711
61717
61726
61738
61768
61769
61801
61814
61833
61843
61851
61880
61888
61890
61902
61909
61913
61935
61939
61954
61965
61976
61996
61997
61997
62008
62013
62032
62039
62041
62044
62063
62089
62092
62103
62103
62123
62130
62135
62174
62193
62194
62244
62251
62251
62265
62266
62282
62303
62304
62311
62316
62326
62328
62334
62338
62347
62369
62391
62398
62437
62439
62444
62447
62450
62465
62468
62469
62475
62480
62481
62488
62524
62545
62558
62559
62566
62577
62584
62584
62590
62615
62619
62619
62627
62660
62668
62677
62681
62682
62683
62686
62694
62696
62728
62734
62737
62766
62779
62797
62798
62811
62851
62861
62862
62901
62910
62923
62929
62967
62970
63000
63014
63023
63024
63025
63026
63031
63049
63053
63072
63080
63081
63120
63128
63129
63132
63144
63147
63174
63186
63189
63209
63210
63232
63236
63239
63242
63247
63263
63295
63303
63323
63330
63379
63395
63401
63417
63427
63427
63429
63433
63446
63462
63469
63470
63472
63478
63502
63513
63520
63526
63528
63547
63552
63586
63594
63597
63608
63613
63622
63622
63628
63638
63647
63651
63659
63681
63694
63696
63700
63703
63711
63725
63730
63737
63741
63742
63742
63745
63750
63766
63766
63767
63771
63774
63774
63779
63807
63849
63867
63874
63896
63916
63939
63945
63953
63955
63957
63963
63963
63976
63980
63984
64011
64027
64033
64033
64064
64068
64074
64093
64094
64148
64152
64153
64160
64176
64179
64192
64205
64215
64229
64252
64255
64264
64269
64282
64288
64328
64367
64401
64424
64425
64428
64476
64478
64516
64527
64530
64535
64579
64584
64610
64619
64624
64632
64638
64653
64664
64669
64679
64699
64703
64709
64723
64733
64743
64746
64769
64775
64786
64788
64790
64802
64804
64818
64826
64841
64861
64869
64873
64885
64891
64897
64898
64934
64940
64948
64956
64962
64963
64969
64978
64990
64996
64998
65006
65014
65035
65047
65053
65054
65067
65084
65087
65098
65130
65133
65139
65155
65166
65171
65190
65210
65226
65232
65251
65254
65255
65265
65267
65268
65288
65294
65294
65312
65329
65330
65340
65346
65349
65361
65367
65393
65406
65413
65431
65433
65441
65465
65524
65525
65532
65552
65563
65564
65577
65600
65610
65611
65614
65626
65627
65629
65637
65645
65660
65661
65671
65689
65696
65700
65705
65712
65717
65721
65722
65750
65767
65771
65772
65782
65784
65795
65820
65825
65826
65846
65877
65892
65894
65894
65935
65935
65955
65957
65971
65976
65979
65982
65995
65998
65999
66013
66023
66038
66041
66048
66057
66081
66085
66099
66103
66103
66108
66215
66216
66219
66219
66229
66240
66242
66268
66309
66314
66331
66336
66345
66358
66373
66377
66383
66391
66396
66402
66405
66405
66407
66420
66423
66443
66450
66460
66468
66470
66470
66473
66475
66476
66497
66497
66498
66510
66512
66540
66551
66561
66579
66593
66594
66602
66605
66620
66634
66656
66657
66659
66669
66697
66698
66699
66723
66728
66747
66758
66758
66779
66785
66789
66800
66814
66821
66826
66830
66845
66849
66862
66868
66869
66881
66888
66894
66910
66944
66962
66963
66964
66972
66974
67000
67013
67015
67034
67037
67040
67047
67065
67094
67096
67096
67097
67100
67101
67108
67117
67122
67124
67128
67133
67139
67145
67146
67149
67163
67174
67193
67206
67209
67217
67220
67241
67262
67275
67287
67336
67340
67347
67352
67397
67403
67405
67410
67412
67420
67421
67429
67433
67443
67447
67473
67474
67480
67506
67507
67511
67522
67528
67532
67539
67540
67540
67558
67585
67588
67620
67644
67645
67677
67677
67696
67703
67712
67720
67722
67723
67729
67741
67750
67760
67761
67764
67778
67785
67787
67819
67822
67823
67837
67850
67876
67880
67908
67935
67949
67958
68010
68015
68024
68028
68032
68038
68041
68046
68073
68075
68081
68127
68129
68130
68149
68158
68160
68200
68208
68222
68223
68256
68277
68291
68302
68303
68313
68316
68316
68322
68336
68350
68351
68356
68386
68390
68400
68419
68435
68450
68463
68480
68486
68501
68509
68515
68519
68527
68532
68536
68536
68538
68565
68576
68612
68619
68624
68624
68628
68632
68639
68644
68652
68666
68691
68695
68696
68702
68726
68748
68750
68751
68758
68766
68782
68806
68818
68821
68822
68833
68854
68862
68868
68881
68887
68890
68910
68932
68934
68951
68952
68956
68961
68968
68995
69000
69001
69002
69049
69052
69073
69073
69100
69113
69120
69143
69151
69159
69169
69180
69196
69226
69241
69281
69282
69282
69302
69314
69328
69335
69347
69354
69360
69365
69371
69372
69373
69376
69387
69407
69408
69415
69428
69435
69456
69459
69467
69489
69521
69522
69523
69526
69532
69535
69574
69577
69580
69583
69598
69631
69636
69638
69660
69671
69673
69688
69706
69711
69730
69743
69747
69749
69750
69758
69767
69788
69801
69818
69818
69822
69830
69830
69844
69856
69870
69917
69923
69929
69933
69939
69952
69975
69977
70004
70029
70055
70056
70061
70078
70079
70080
70080
70082
70095
70097
70101
70106
70113
70120
70121
70130
70130
70146
70149
70152
70154
70158
70171
70179
70190
70201
70201
70219
70227
70231
70235
70242
70263
70265
70266
70271
70275
70280
70281
70303
70303
70308
70310
70319
70326
70336
70352
70353
70362
70363
70369
70391
70425
70456
70458
70460
70476
70495
70505
70513
70513
70522
70535
70550
70560
70562
70564
70567
70593
70594
70604
70614
70631
70658
70669
70670
70677
70708
70713
70722
70732
70739
70768
70772
70774
70778
70783
70794
70812
70816
70817
70819
70824
70850
70854
70864
70877
70885
70889
70892
70894
70897
70944
70946
70966
70976
70977
70993
71012
71016
71019
71024
71037
71041
71054
71055
71059
71073
71085
71089
71091
71130
71134
71139
71144
71155
71162
71179
71190
71191
71195
71206
71213
71227
71232
71233
71235
71243
71248
71254
71255
71261
71262
71269
71274
71274
71279
71282
71284
71286
71286
71289
71318
71325
71326
71331
71331
71356
71366
71377
71403
71416
71418
71432
71453
71455
71471
71473
71495
71519
71540
71554
71580
71597
71603
71630
71633
71638
71642
71648
71654
71671
71686
71699
71761
71775
71782
71783
71794
71819
71832
71873
71877
71890
71890
71907
71914
71933
71936
71940
71940
71944
71955
71957
71967
71973
71978
71981
71987
72010
72010
72015
72022
72028
72030
72032
72039
72044
72047
72047
72060
72061
72064
72068
72071
72094
72102
72112
72152
72163
72184
72186
72188
72198
72199
72201
72238
72239
72266
72272
72276
72280
72282
72291
72318
72324
72332
72332
72345
72353
72367
72415
72428
72437
72444
72460
72468
72508
72509
72520
72525
72530
72531
72538
72542
72563
72573
72584
72594
72598
72602
72604
72626
72629
72631
72632
72652
72690
72697
72697
72698
72718
72719
72729
72736
72752
72770
72778
72782
72797
72799
72814
72851
72851
72858
72882
72883
72907
72917
72923
72958
72975
73017
73019
73019
73020
73029
73050
73058
73073
73083
73087
73094
73094
73108
73114
73138
73173
73179
73224
73239
73242
73247
73250
73258
73263
73264
73282
73282
73293
73294
73298
73307
73309
73320
73328
73337
73362
73372
73383
73401
73402
73406
73410
73422
73425
73441
73454
73457
73464
73497
73504
73512
73518
73616
73619
73632
73632
73636
73643
73677
73677
73683
73690
73700
73710
73730
73740
73755
73764
73798
73824
73837
73857
73872
73873
73878
73892
73903
73911
73912
73921
73925
73934
73939
73976
73985
74017
74026
74029
74030
74033
74038
74042
74047
74057
74096
74097
74099
74130
74131
74147
74167
74170
74189
74190
74198
74213
74240
74249
74255
74287
74294
74301
74302
74308
74312
74322
74325
74334
74360
74361
74384
74387
74390
74393
74425
74450
74457
74459
74461
74473
74482
74487
74493
74499
74521
74530
74566
74583
74597
74623
74627
74628
74634
74641
74646
74655
74655
74675
74676
74705
74721
74723
74739
74750
74757
74816
74823
74834
74868
74869
74877
74894
74895
74902
74904
74913
74915
74947
75002
75013
75025
75037
75041
75047
75050
75072
75089
75092
75131
75169
75172
75175
75177
75179
75186
75189
75206
75211
75213
75230
75230
75247
75250
75255
75269
75315
75316
75355
75357
75362
75362
75381
75382
75400
75404
75427
75450
75454
75462
75465
75472
75478
75482
75482
75483
75494
75513
75530
75543
75545
75576
75581
75583
75587
75599
75601
75613
75663
75682
75694
75711
75720
75727
75736
75740
75741
75747
75762
75774
75779
75782
75783
75789
75804
75809
75819
75842
75852
75862
75864
75872
75878
75884
75887
75894
75902
75929
75940
75942
75954
75963
75965
75967
75972
75974
76016
76021
76025
76026
76041
76044
76050
76081
76097
76099
76112
76125
76128
76129
76135
76138
76146
76146
76146
76165
76167
76181
76183
76199
76201
76213
76220
76226
76236
76240
76263
76274
76283
76288
76290
76290
76331
76353
76380
76385
76419
76433
76440
76451
76457
76469
76483
76498
76498
76499
76506
76513
76514
76532
76546
76549
76559
76560
76567
76570
76590
76592
76592
76600
76603
76619
76629
76639
76652
76656
76660
76670
76691
76693
76699
76702
76703
76708
76710
76720
76744
76754
76756
76763
76770
76773
76791
76803
76834
76838
76845
76852
76855
76864
76865
76888
76905
76906
76913
76924
76925
76926
76932
76936
76976
76977
76979
76992
77007
77020
77033
77038
77051
77054
77079
77091
77091
77092
77096
77101
77107
77114
77125
77128
77135
77143
77149
77157
77163
77169
77185
77201
77201
77203
77211
77212
77232
77241
77252
77254
77256
77266
77284
77292
77297
77298
77324
77333
77334
77340
77340
77352
77353
77357
77359
77400
77402
77414
77427
77430
77439
77446
77447
77472
77473
77482
77484
77491
77495
77499
77502
77510
77512
77515
77529
77533
77538
77541
77544
77547
77551
77559
77572
77582
77596
77610
77638
77639
77652
77670
77679
77688
77706
77709
77709
77716
77766
77784
77805
77822
77823
77824
77859
77860
77872
77880
77902
77906
77910
77912
77914
77914
77940
77960
77963
77993
78001
78028
78035
78053
78067
78070
78085
78091
78130
78133
78149
78150
78164
78184
78192
78229
78243
78248
78255
78255
78256
78266
78278
78294
78306
78335
78355
78358
78360
78363
78416
78417
78431
78433
78441
78453
78464
78466
78473
78476
78492
78504
78506
78511
78512
78557
78564
78565
78577
78589
78606
78614
78620
78627
78655
78665
78668
78673
78680
78681
78707
78711
78711
78712
78727
78740
78743
78748
78751
78766
78776
78786
78787
78805
78832
78868
78870
78871
78873
78876
78882
78885
78887
78894
78895
78897
78908
78908
78912
78940
78941
78946
78948
78952
78962
78971
78977
78981
78981
78984
78984
78991
79025
79027
79040
79041
79053
79060
79061
79068
79092
79094
79098
79149
79157
79162
79172
79175
79193
79205
79210
79224
79251
79260
79275
79338
79344
79348
79349
79355
79357
79361
79368
79374
79381
79390
79400
79402
79419
79422
79425
79444
79451
79472
79507
79518
79520
79530
79578
79586
79594
79597
79601
79626
79633
79634
79636
79637
79652
79668
79676
79687
79688
79696
79702
79725
79728
79742
79748
79752
79760
79765
79775
79781
79790
79792
79800
79803
79813
79838
79839
79840
79845
79868
79875
79877
79878
79878
79880
79883
79884
79895
79900
79902
79915
79923
79926
79927
79938
79959
79962
79982
79987
79997
80002
80004
80020
80022
80022
80029
80030
80035
80052
80055
80056
80067
80073
80073
80075
80080
80100
80105
80106
80109
80110
80115
80159
80170
80174
80204
80217
80219
80222
80225
80236
80268
80269
80274
80282
80289
80298
80310
80328
80334
80335
80337
80352
80353
80361
80375
80378
80392
80407
80411
80434
80436
80441
80442
80443
80457
80488
80496
80508
80511
80523
80526
80567
80571
80574
80590
80600
80602
80609
80614
80616
80618
80639
80652
80693
80702
80713
80727
80735
80756
80769
80783
80800
80838
80852
80859
80871
80879
80881
80884
80898
80899
80905
80907
80919
80943
80957
80973
80983
80984
80990
81027
81028
81028
81042
81044
81049
81051
81052
81052
81057
81070
81072
81100
81104
81106
81110
81126
81139
81145
81152
81162
81167
81172
81172
81178
81185
81190
81197
81212
81220
81223
81226
81256
81274
81275
81278
81288
81295
81302
81304
81312
81367
81381
81402
81408
81409
81419
81425
81427
81436
81437
81440
81443
81452
81472
81491
81511
81511
81514
81515
81516
81519
81534
81540
81548
81556
81592
81601
81602
81604
81609
81611
81616
81637
81643
81648
81653
81683
81684
81723
81727
81743
81745
81768
81769
81779
81824
81831
81837
81843
81858
81878
81887
81887
81894
81910
81912
81921
81927
81929
81931
81937
81942
81948
81954
81989
81989
82018
82022
82025
82047
82048
82059
82059
82064
82085
82085
82098
82100
82122
82137
82138
82190
82191
82202
82203
82210
82217
82236
82245
82257
82258
82298
82300
82327
82349
82353
82362
82366
82383
82386
82413
82420
82424
82452
82462
82470
82478
82478
82499
82501
82512
82526
82528
82529
82532
82556
82558
82563
82565
82575
82599
82601
82610
82615
82617
82618
82648
82662
82676
82689
82690
82707
82711
82736
82758
82770
82782
82809
82826
82837
82839
82843
82853
82859
82869
82879
82903
82922
82927
82935
82939
82942
82954
82966
82977
82981
82986
82990
82991
82992
83002
83019
83044
83051
83053
83053
83059
83061
83079
83082
83089
83104
83117
83132
83148
83149
83150
83157
83158
83168
83177
83182
83210
83219
83238
83248
83279
83284
83300
83300
83302
83315
83321
83328
83343
83347
83348
83359
83359
83360
83367
83370
83382
83387
83395
83418
83429
83429
83438
83453
83466
83487
83489
83502
83503
83514
83517
83519
83522
83536
83541
83545
83549
83551
83560
83587
83591
83599
83610
83625
83633
83633
83636
83650
83661
83671
83678
83712
83715
83720
83747
83751
83760
83771
83772
83798
83810
83810
83837
83848
83849
83861
83903
83913
83914
83921
83924
83933
83933
83942
83955
83967
83971
83972
83981
83982
83990
84008
84022
84022
84034
84035
84058
84059
84100
84105
84115
84124
84147
84192
84192
84202
84214
84222
84227
84248
84262
84268
84278
84286
84293
84298
84305
84314
84315
84322
84351
84359
84368
84374
84397
84397
84399
84426
84436
84436
84442
84444
84448
84450
84498
84520
84522
84538
84569
84590
84593
84596
84616
84630
84637
84648
84669
84669
84680
84685
84691
84692
84715
84723
84753
84757
84773
84791
84799
84827
84849
84849
84887
84910
84915
84926
84950
84956
84963
84967
84974
84982
84995
85017
85040
85042
85042
85045
85053
85054
85072
85076
85088
85088
85094
85094
85130
85149
85166
85166
85184
85197
85223
85257
85258
85271
85274
85274
85276
85279
85282
85312
85316
85328
85330
85334
85346
85349
85349
85352
85359
85367
85369
85370
85371
85380
85389
85400
85428
85438
85443
85455
85459
85470
85478
85484
85516
85517
85531
85533
85545
85547
85547
85560
85572
85575
85601
85619
85629
85636
85642
85658
85662
85676
85677
85697
85699
85703
85703
85705
85712
85740
85743
85760
85766
85774
85782
85796
85796
85800
85802
85804
85847
85854
85872
85879
85898
85926
85930
85957
85979
85984
85984
85987
85993
85996
85998
86001
86003
86012
86019
86025
86027
86031
86075
86080
86084
86086
86108
86114
86134
86146
86150
86151
86161
86172
86176
86181
86190
86197
86212
86215
86224
86225
86227
86233
86236
86241
86244
86252
86252
86253
86262
86274
86280
86298
86302
86316
86320
86326
86352
86355
86357
86373
86397
86406
86411
86429
86445
86462
86473
86485
86487
86493
86508
86526
86544
86546
86554
86576
86584
86592
86597
86607
86609
86611
86616
86640
86641
86664
86676
86688
86690
86737
86738
86757
86762
86774
86790
86799
86807
86831
86836
86852
86864
86891
86893
86895
86898
86901
86902
86931
86936
86938
86967
86968
86971
86984
87002
87003
87004
87006
87007
87007
87036
87042
87049
87062
87086
87089
87098
87120
87124
87127
87132
87134
87145
87146
87151
87151
87155
87159
87169
87184
87186
87201
87204
87220
87233
87240
87289
87292
87294
87297
87301
87309
87312
87318
87334
87335
87347
87349
87367
87383
87386
87395
87431
87449
87454
87495
87502
87504
87508
87536
87563
87572
87603
87607
87610
87630
87644
87647
87650
87675
87679
87691
87695
87700
87701
87738
87753
87754
87763
87788
87799
87872
87877
87877
87879
87881
87906
87925
87952
87956
87961
87966
87967
87968
87985
87986
87997
87999
88012
88013
88015
88018
88019
88029
88043
88052
88053
88068
88081
88086
88092
88093
88093
88098
88122
88131
88153
88158
88162
88165
88182
88196
88223
88233
88252
88259
88265
88280
88285
88290
88300
88302
88314
88324
88360
88373
88387
88414
88418
88421
88435
88447
88451
88461
88465
88466
88474
88474
88482
88494
88499
88518
88538
88540
88548
88551
88553
88560
88575
88584
88594
88599
88601
88631
88643
88648
88655
88663
88664
88667
88668
88669
88672
88683
88689
88691
88709
88722
88727
88737
88742
88754
88759
88763
88766
88778
88788
88803
88810
88839
88842
88845
88850
88855
88858
88879
88882
88883
88894
88899
88902
88913
88915
88917
88932
88935
88937
88955
88956
88956
88957
88968
88974
88976
88979
88994
88997
89005
89024
89027
89030
89031
89035
89046
89056
89058
89066
89075
89076
89086
89090
89093
89106
89106
89107
89118
89120
89132
89165
89180
89211
89217
89218
89225
89239
89243
89245
89260
89265
89275
89299
89302
89304
89314
89322
89335
89348
89367
89375
89377
89379
89380
89385
89385
89401
89405
89408
89409
89416
89416
89434
89436
89446
89455
89481
89507
89511
89516
89516
89517
89518
89519
89524
89525
89529
89531
89533
89536
89544
89548
89561
89592
89602
89625
89644
89647
89659
89660
89660
89662
89683
89706
89715
89748
89748
89757
89757
89770
89779
89783
89786
89793
89795
89800
89815
89825
89856
89859
89877
89877
89886
89890
89894
89894
89897
89900
89906
89912
89915
89915
89922
89929
89949
89951
89966
89967
89969
89987
89993
90001
90014
90016
90018
90049
90061
90064
90068
90076
90084
90110
90162
90195
90198
90215
90227
90235
90240
90244
90249
90256
90261
90271
90302
90324
90326
90328
90328
90354
90366
90383
90392
90426
90428
90438
90439
90445
90448
90450
90456
90467
90467
90472
90479
90490
90507
90517
90524
90527
90529
90541
90566
90580
90586
90591
90610
90618
90620
90623
90631
90638
90638
90643
90671
90673
90674
90704
90711
90723
90756
90771
90776
90777
90797
90798
90826
90828
90856
90857
90859
90872
90873
90876
90886
90892
90898
90914
90915
90931
90934
90960
90963
90965
90973
90980
90985
91011
91022
91028
91030
91042
91045
91049
91050
91060
91072
91104
91106
91112
91124
91138
91146
91158
91159
91161
91162
91162
91167
91196
91203
91207
91222
91245
91274
91279
91283
91300
91343
91365
91372
91386
91390
91403
91405
91408
91410
91413
91428
91431
91432
91442
91443
91452
91457
91483
91516
91520
91540
91543
91555
91559
91560
91560
91561
91568
91573
91575
91588
91598
91603
91617
91630
91647
91654
91661
91685
91686
91691
91704
91719
91726
91734
91742
91744
91785
91794
91805
91831
91835
91851
91854
91863
91865
91889
91891
91943
91964
92007
92011
92013
92044
92047
92055
92060
92061
92088
92089
92113
92121
92133
92137
92152
92175
92184
92202
92204
92208
92209
92233
92245
92250
92252
92261
92263
92263
92274
92285
92294
92296
92314
92315
92320
92364
92368
92371
92373
92373
92378
92383
92391
92412
92413
92426
92432
92441
92444
92484
92511
92516
92517
92519
92524
92524
92532
92548
92557
92567
92571
92590
92600
92611
92618
92619
92631
92656
92672
92672
92673
92677
92679
92702
92735
92735
92735
92751
92765
92774
92778
92782
92788
92790
92794
92812
92813
92821
92831
92849
92870
92879
92883
92914
92927
92942
92951
92965
92966
92975
92976
92981
92992
93010
93015
93022
93026
93041
93041
93043
93067
93105
93106
93108
93114
93116
93122
93123
93128
93138
93138
93159
93161
93178
93184
93210
93220
93227
93232
93246
93258
93259
93259
93283
93296
93308
93310
93313
93313
93314
93331
93349
93355
93357
93359
93362
93375
93382
93397
93400
93404
93419
93478
93490
93501
93515
93519
93535
93537
93553
93556
93557
93557
93564
93605
93607
93612
93634
93642
93666
93677
93677
93702
93713
93723
93725
93736
93759
93761
93776
93779
93786
93803
93844
93859
93865
93877
93879
93892
93914
93915
93919
93925
93938
93938
93939
93942
93946
93967
93974
93974
93981
93995
94002
94019
94034
94038
94040
94062
94073
94084
94100
94104
94145
94147
94158
94159
94170
94176
94185
94187
94210
94227
94240
94242
94263
94265
94269
94278
94280
94302
94314
94319
94326
94328
94332
94342
94364
94366
94369
94370
94385
94398
94398
94405
94416
94428
94437
94446
94466
94473
94476
94507
94507
94509
94513
94517
94521
94534
94538
94542
94570
94575
94577
94577
94585
94591
94606
94612
94624
94625
94634
94638
94643
94644
94646
94651
94654
94654
94660
94667
94674
94675
94683
94697
94722
94732
94735
94758
94765
94780
94782
94792
94796
94800
94802
94841
94844
94849
94850
94877
94888
94914
94918
94921
94937
94953
94956
94966
94967
94975
94977
94982
94993
94998
95037
95046
95055
95066
95069
95080
95082
95091
95093
95099
95116
95140
95168
95182
95194
95197
95200
95220
95225
95251
95260
95262
95265
95289
95303
95313
95336
95345
95384
95401
95429
95434
95438
95453
95456
95460
95472
95479
95481
95489
95501
95501
95514
95516
95524
95528
95529
95549
95622
95624
95625
95627
95628
95645
95660
95662
95668
95676
95692
95696
95696
95717
95718
95747
95754
95781
95807
95809
95829
95832
95834
95834
95836
95843
95852
95867
95870
95878
95878
95880
95880
95881
95885
95886
95898
95900
95907
95937
95942
95942
95947
95954
95967
95981
95983
95993
96002
96003
96014
96032
96035
96037
96047
96102
96121
96133
96138
96139
96155
96155
96162
96177
96186
96190
96194
96208
96218
96223
96233
96234
96256
96256
96264
96267
96268
96278
96323
96328
96332
96339
96344
96351
96360
96362
96380
96400
96402
96441
96464
96467
96467
96479
96488
96498
96510
96515
96536
96550
96551
96567
96604
96609
96621
96631
96644
96646
96663
96679
96679
96684
96691
96693
96696
96698
96701
96702
96704
96722
96725
96749
96750
96753
96760
96768
96769
96772
96778
96785
96791
96792
96798
96800
96832
96834
96850
96850
96851
96861
96867
96868
96912
96914
96916
96920
96945
96963
96983
96986
96988
97001
97004
97007
97009
97021
97025
97028
97050
97087
97110
97115
97170
97173
97176
97177
97184
97188
97207
97213
97225
97236
97236
97247
97249
97272
97277
97286
97293
97308
97319
97322
97331
97352
97356
97373
97377
97383
97414
97421
97425
97434
97440
97445
97468
97488
97512
97521
97526
97538
97543
97545
97553
97565
97578
97579
97581
97584
97600
97601
97638
97638
97648
97653
97661
97693
97701
97705
97712
97713
97729
97748
97757
97759
97777
97782
97786
97790
97792
97795
97799
97811
97818
97830
97832
97840
97846
97867
97870
97887
97889
97897
97902
97905
97910
97915
97921
97928
97951
97968
97974
97980
97990
97998
98000
98008
98028
98035
98103
98109
98113
98116
98120
98121
98166
98172
98175
98178
98198
98209
98269
98301
98303
98304
98333
98344
98351
98364
98375
98377
98380
98380
98384
98387
98392
98423
98425
98429
98443
98448
98449
98449
98451
98451
98453
98459
98469
98469
98523
98524
98532
98533
98536
98543
98565
98575
98581
98597
98604
98615
98629
98633
98636
98650
98650
98654
98668
98669
98675
98683
98707
98709
98717
98726
98748
98750
98759
98761
98762
98770
98775
98779
98780
98782
98789
98792
98811
98822
98822
98824
98834
98852
98858
98866
98868
98868
98878
98879
98897
98905
98922
98945
98949
98952
98955
98955
98983
98987
99001
99012
99019
99026
99057
99069
99074
99076
99086
99094
99097
99114
99116
99118
99126
99128
99132
99159
99176
99189
99195
99202
99203
99207
99210
99212
99228
99256
99260
99273
99280
99311
99338
99362
99362
99369
99376
99425
99439
99443
99447
99452
99456
99469
99472
99477
99482
99486
99497
99512
99512
99514
99517
99519
99532
99532
99533
99562
99562
99573
99581
99591
99601
99605
99612
99662
99665
99674
99682
99691
99694
99705
99716
99731
99732
99732
99737
99758
99787
99790
99809
99810
99810
99815
99819
99852
99855
99866
99870
99904
99917
99927
99931
99950
99958
99997
