34680
84329
62969
55112
57839
84507
52315
17952
59709
32639
84374
4372
22832
99478
10765
81698
88148
39211
12208
61555
60147
33223
6242
16329
33256
32545
80643
82321
17928
68884
25634
32009
31468
75423
64965
91499
17906
55543
94972
63783
91178
39126
57688
84414
99773
3663
42808
45410
71596
88303
52052
4928
41928
23381
59001
33197
31297
80318
82857
97030
990
30981
57387
26021
81649
1569
93627
43670
6393
56204
38888
61138
330
89955
61587
99023
72612
26665
20824
43766
58656
138
75435
83084
67052
8220
10634
83245
95460
39984
55367
38067
48821
13566
1554
75591
96921
5080
25941
25257
68848
23631
11771
64331
58666
76403
52144
94868
1977
58366
249
10521
26763
21950
66315
66238
86659
95276
56457
92449
60397
59756
83080
36111
98148
51043
74620
28509
80820
19492
37916
1471
28941
67088
83175
3368
75308
99407
28509
12321
23933
51445
87684
616
96082
47384
45082
36355
94213
53701
64283
11152
53427
68977
34867
24466
30439
21267
64887
48737
77233
25741
19452
37541
10485
2241
59226
79706
28028
87904
15749
97429
96700
6011
97086
37318
88123
3673
81026
44909
98656
44882
9428
2903
70361
55998
3666
83203
41384
36391
32341
77449
52459
26375
61712
59975
57487
78721
42301
4790
63613
52190
63913
63778
19706
17538
14306
25604
89353
33778
53344
86178
99568
63528
72884
39624
41862
60321
70540
27827
26960
89901
16810
52134
69546
29233
81409
28190
22773
45983
83054
16191
92623
72423
52075
34600
27664
49723
69738
33851
86794
92309
29491
54922
51368
85932
21316
98444
75791
99946
29460
4319
15944
56040
1037
91547
54471
11780
12691
239
88522
30218
45175
80653
99779
55724
35979
11472
75153
31892
42322
91300
22806
12
94825
51586
69348
99460
47536
862
78552
66765
67827
51863
38304
19805
32416
66093
62027
363
32524
12174
1781
35264
99833
8529
91311
64413
77278
26082
74352
70811
53486
86790
95071
37639
44879
78327
99329
99973
13841
4841
67613
71052
28782
33312
33591
34515
28326
11404
4486
40347
1409
66075
19180
40711
54852
86812
47871
19741
61060
48847
3852
66766
55984
1353
88117
19870
43225
51591
8116
33200
14666
9825
98917
92167
50302
66022
91268
47176
21861
82595
48812
41457
30122
35803
65616
66358
39710
63494
65126
95456
47491
2254
52665
63258
64004
48559
8850
3215
92145
9704
24085
96707
23537
36437
84555
88128
9290
66959
79164
49785
24757
48005
35763
47613
50334
61065
66122
20915
59969
91643
31775
15391
72403
20221
10267
45678
88662
38218
64557
33408
59957
3175
90398
8755
20857
70377
66457
56507
6122
19501
59526
290
35734
43769
71672
58087
91203
94385
78642
98382
45738
13077
45212
74445
79672
83702
42644
1133
19987
62315
23138
60974
50275
24948
8645
82931
85326
23076
95676
43734
24102
2643
67792
42848
99401
61346
47464
74245
43751
38819
84404
39392
33229
515
57396
96284
80104
41246
14011
53272
93193
66854
43925
10262
85698
57359
15797
98085
77976
75530
50077
32599
92028
19041
26876
15552
70847
82786
37978
70115
30866
17339
24180
14836
94328
71059
56617
22266
16939
99017
50279
72268
73040
5482
30590
33614
67389
10450
12241
21358
74935
28558
26955
28734
10568
81357
68930
48832
51424
74448
55938
26028
72714
91987
28507
73738
5987
38548
62018
91853
77087
66161
51997
22490
55213
99313
44315
55230
49701
68607
20829
74759
87315
15907
72381
37814
22984
92622
70357
22500
46845
84946
52474
38248
16739
27396
66857
53144
97796
95084
50336
67886
23667
69097
99347
20924
4567
42519
91210
31982
17165
96683
80727
9256
44697
11118
81684
88120
91778
55229
52101
20091
97566
44608
91849
54131
60538
90874
32321
12924
19548
41034
77154
56853
47740
75226
28457
31784
69350
60191
28166
21248
10498
20092
26695
54944
65603
54347
20883
46198
32415
51430
61508
34311
80168
87418
28392
27839
13549
25831
24422
96816
58437
22208
4498
50051
63064
13828
65075
81153
713
69191
45491
92771
10112
42091
4402
14681
17491
40480
30196
5822
91680
97045
11400
43755
49074
31329
73658
12091
37368
23858
23605
94073
39835
38104
25504
53356
13093
32269
51151
19396
69903
14689
26579
46990
34976
61887
95438
66924
90757
12303
5749
93676
58276
83995
18469
66284
93183
61386
23350
68388
43070
14731
75354
41262
19883
96081
96754
71323
29814
89055
62520
2819
29156
23241
65544
15844
18206
19157
45664
22168
4344
32700
9666
75318
5294
61540
17426
44324
25274
28767
48684
61898
85093
42191
68670
63530
44056
10195
97506
16210
23727
86915
95278
95275
35328
38779
55841
37809
52394
78819
73645
21135
49230
9058
78299
88365
10611
88676
28043
31540
35599
95881
72230
13765
41171
8075
90356
40070
19797
85129
42356
60706
10988
46108
3074
54551
4828
8655
29075
12577
62937
39748
79949
68799
41434
78612
43192
65446
31073
36832
91895
45589
21539
730
40952
49837
86145
78872
45081
37446
75626
19209
17317
32351
18654
56389
494
65083
94437
74764
44505
69713
94818
18864
92252
96762
62782
89965
434
42668
48413
35334
9764
93115
21806
61644
75017
55258
54539
40205
58849
75769
52871
40203
57535
8754
73915
90813
97420
15315
71550
21609
35062
20875
69877
52107
77030
43620
6216
58306
41973
64937
83342
75676
40118
6956
61209
44404
18315
22803
67794
72507
4875
71758
90187
63329
57017
71445
57392
6637
12429
62052
17749
29310
1436
45589
62188
93841
57597
47519
83178
98509
95650
84009
32002
77111
88660
54308
52586
82438
68465
46715
45796
75859
9201
9558
87261
40962
91932
27558
58135
65219
47192
50546
16175
66829
93353
24380
20844
60184
3789
93076
22462
69156
87648
58083
49756
15715
75567
63311
75473
96115
45749
90136
53070
23115
9027
32785
27875
64231
66014
37758
97679
62056
53177
67867
4476
82454
86347
12648
83762
28866
21778
47806
72313
83639
51439
97999
71265
13407
94885
39007
85626
74010
58839
60395
89510
80446
85514
16390
60738
11092
29670
39582
69008
49059
44797
56110
1446
77168
59358
30822
72782
8253
2350
25844
96524
84185
18903
82337
67044
42620
26111
49003
6398
41350
73126
94003
37233
75182
10778
53023
27923
8584
28459
77374
43953
55188
90353
57555
60600
54040
9890
39066
60209
76488
66875
37161
198
52724
22908
56335
21941
19002
32010
10311
72528
65615
67278
96055
9747
2388
54270
89389
84781
10959
