12
138
198
239
249
290
330
363
434
494
515
616
713
730
862
990
1037
1133
1353
1409
1436
1446
1471
1554
1569
1781
1977
2241
2254
2350
2388
2643
2819
2903
3074
3175
3215
3368
3663
3666
3673
3789
3852
4319
4344
4372
4402
4476
4486
4498
4567
4790
4828
4841
4875
4928
5080
5294
5482
5749
5822
5987
6011
6122
6216
6242
6393
6398
6637
6956
8075
8116
8220
8253
8529
8584
8645
8655
8754
8755
8850
9027
9058
9201
9256
9290
9428
9558
9666
9704
9747
9764
9825
9890
10112
10195
10262
10267
10311
10450
10485
10498
10521
10568
10611
10634
10765
10778
10959
10988
11092
11118
11152
11400
11404
11472
11771
11780
12091
12174
12208
12241
12303
12321
12429
12577
12648
12691
12924
13077
13093
13407
13549
13566
13765
13828
13841
14011
14306
14666
14681
14689
14731
14836
15315
15391
15552
15715
15749
15797
15844
15907
15944
16175
16191
16210
16329
16390
16739
16810
16939
17165
17317
17339
17426
17491
17538
17749
17906
17928
17952
18206
18315
18469
18654
18864
18903
19002
19041
19157
19180
19209
19396
19452
19492
19501
19548
19706
19741
19797
19805
19870
19883
19987
20091
20092
20221
20824
20829
20844
20857
20875
20883
20915
20924
21135
21248
21267
21316
21358
21539
21609
21778
21806
21861
21941
21950
22168
22208
22266
22462
22490
22500
22773
22803
22806
22832
22908
22984
23076
23115
23138
23241
23350
23381
23537
23605
23631
23667
23727
23858
23933
24085
24102
24180
24380
24422
24466
24757
24948
25257
25274
25504
25604
25634
25741
25831
25844
25941
26021
26028
26082
26111
26375
26579
26665
26695
26763
26876
26955
26960
27396
27558
27664
27827
27839
27875
27923
28028
28043
28166
28190
28326
28392
28457
28459
28507
28509
28509
28558
28734
28767
28782
28866
28941
29075
29156
29233
29310
29460
29491
29670
29814
30122
30196
30218
30439
30590
30822
30866
30981
31073
31297
31329
31468
31540
31775
31784
31892
31982
32002
32009
32010
32269
32321
32341
32351
32415
32416
32524
32545
32599
32639
32700
32785
33197
33200
33223
33229
33256
33312
33408
33591
33614
33778
33851
34311
34515
34600
34680
34867
34976
35062
35264
35328
35334
35599
35734
35763
35803
35979
36111
36355
36391
36437
36832
37161
37233
37318
37368
37446
37541
37639
37758
37809
37814
37916
37978
38067
38104
38218
38248
38304
38548
38779
38819
38888
39007
39066
39126
39211
39392
39582
39624
39710
39748
39835
39984
40070
40118
40203
40205
40347
40480
40711
40952
40962
41034
41171
41246
41262
41350
41384
41434
41457
41862
41928
41973
42091
42191
42301
42322
42356
42519
42620
42644
42668
42808
42848
43070
43192
43225
43620
43670
43734
43751
43755
43766
43769
43925
43953
44056
44315
44324
44404
44505
44608
44697
44797
44879
44882
44909
45081
45082
45175
45212
45410
45491
45589
45589
45664
45678
45738
45749
45796
45983
46108
46198
46715
46845
46990
47176
47192
47384
47464
47491
47519
47536
47613
47740
47806
47871
48005
48413
48559
48684
48737
48812
48821
48832
48847
49003
49059
49074
49230
49701
49723
49756
49785
49837
50051
50077
50275
50279
50302
50334
50336
50546
51043
51151
51368
51424
51430
51439
51445
51586
51591
51863
51997
52052
52075
52101
52107
52134
52144
52190
52315
52394
52459
52474
52586
52665
52724
52871
53023
53070
53144
53177
53272
53344
53356
53427
53486
53701
54040
54131
54270
54308
54347
54471
54539
54551
54852
54922
54944
55112
55188
55213
55229
55230
55258
55367
55543
55724
55841
55938
55984
55998
56040
56110
56204
56335
56389
56457
56507
56617
56853
57017
57359
57387
57392
57396
57487
57535
57555
57597
57688
57839
58083
58087
58135
58276
58306
58366
58437
58656
58666
58839
58849
59001
59226
59358
59526
59709
59756
59957
59969
59975
60147
60184
60191
60209
60321
60395
60397
60538
60600
60706
60738
60974
61060
61065
61138
61209
61346
61386
61508
61540
61555
61587
61644
61712
61887
61898
62018
62027
62052
62056
62188
62315
62520
62782
62937
62969
63064
63258
63311
63329
63494
63528
63530
63613
63778
63783
63913
64004
64231
64283
64331
64413
64557
64887
64937
64965
65075
65083
65126
65219
65446
65544
65603
65615
65616
66014
66022
66075
66093
66122
66161
66238
66284
66315
66358
66457
66765
66766
66829
66854
66857
66875
66924
66959
67044
67052
67088
67278
67389
67613
67792
67794
67827
67867
67886
68388
68465
68607
68670
68799
68848
68884
68930
68977
69008
69097
69156
69191
69348
69350
69546
69713
69738
69877
69903
70115
70357
70361
70377
70540
70811
70847
71052
71059
71265
71323
71445
71550
71596
71672
71758
72230
72268
72313
72381
72403
72423
72507
72528
72612
72714
72782
72884
73040
73126
73645
73658
73738
73915
74010
74245
74352
74445
74448
74620
74759
74764
74935
75017
75153
75182
75226
75308
75318
75354
75423
75435
75473
75530
75567
75591
75626
75676
75769
75791
75859
76403
76488
77030
77087
77111
77154
77168
77233
77278
77374
77449
77976
78299
78327
78552
78612
78642
78721
78819
78872
79164
79672
79706
79949
80104
80168
80318
80446
80643
80653
80727
80820
81026
81153
81357
81409
81649
81684
81698
82321
82337
82438
82454
82595
82786
82857
82931
83054
83080
83084
83175
83178
83203
83245
83342
83639
83702
83762
83995
84009
84185
84329
84374
84404
84414
84507
84555
84781
84946
85093
85129
85326
85514
85626
85698
85932
86145
86178
86347
86659
86790
86794
86812
86915
87261
87315
87418
87648
87684
87904
88117
88120
88123
88128
88148
88303
88365
88522
88660
88662
88676
89055
89353
89389
89510
89901
89955
89965
90136
90187
90353
90356
90398
90757
90813
90874
91178
91203
91210
91268
91300
91311
91499
91547
91643
91680
91778
91849
91853
91895
91932
91987
92028
92145
92167
92252
92309
92449
92622
92623
92771
93076
93115
93183
93193
93353
93627
93676
93841
94003
94073
94213
94328
94385
94437
94818
94825
94868
94885
94972
95071
95084
95275
95276
95278
95438
95456
95460
95650
95676
95881
96055
96081
96082
96115
96284
96524
96683
96700
96707
96754
96762
96816
96921
97030
97045
97086
97420
97429
97506
97566
97679
97796
97999
98085
98148
98382
98444
98509
98656
98917
99017
99023
99313
99329
99347
99401
99407
99460
99478
99568
99773
99779
99833
99946
99973
