99973
99946
99833
99779
99773
99568
99478
99460
99407
99401
99347
99329
99313
99023
99017
98917
98656
98509
98444
98382
98148
98085
97999
97796
97679
97566
97506
97429
97420
97086
97045
97030
96921
96816
96762
96754
96707
96700
96683
96524
96284
96115
96082
96081
96055
95881
95676
95650
95460
95456
95438
95278
95276
95275
95084
95071
94972
94885
94868
94825
94818
94437
94385
94328
94213
94073
94003
93841
93676
93627
93353
93193
93183
93115
93076
92771
92623
92622
92449
92309
92252
92167
92145
92028
91987
91932
91895
91853
91849
91778
91680
91643
91547
91499
91311
91300
91268
91210
91203
91178
90874
90813
90757
90398
90356
90353
90187
90136
89965
89955
89901
89510
89389
89353
89055
88676
88662
88660
88522
88365
88303
88148
88128
88123
88120
88117
87904
87684
87648
87418
87315
87261
86915
86812
86794
86790
86659
86347
86178
86145
85932
85698
85626
85514
85326
85129
85093
84946
84781
84555
84507
84414
84404
84374
84329
84185
84009
83995
83762
83702
83639
83342
83245
83203
83178
83175
83084
83080
83054
82931
82857
82786
82595
82454
82438
82337
82321
81698
81684
81649
81409
81357
81153
81026
80820
80727
80653
80643
80446
80318
80168
80104
79949
79706
79672
79164
78872
78819
78721
78642
78612
78552
78327
78299
77976
77449
77374
77278
77233
77168
77154
77111
77087
77030
76488
76403
75859
75791
75769
75676
75626
75591
75567
75530
75473
75435
75423
75354
75318
75308
75226
75182
75153
75017
74935
74764
74759
74620
74448
74445
74352
74245
74010
73915
73738
73658
73645
73126
73040
72884
72782
72714
72612
72528
72507
72423
72403
72381
72313
72268
72230
71758
71672
71596
71550
71445
71323
71265
71059
71052
70847
70811
70540
70377
70361
70357
70115
69903
69877
69738
69713
69546
69350
69348
69191
69156
69097
69008
68977
68930
68884
68848
68799
68670
68607
68465
68388
67886
67867
67827
67794
67792
67613
67389
67278
67088
67052
67044
66959
66924
66875
66857
66854
66829
66766
66765
66457
66358
66315
66284
66238
66161
66122
66093
66075
66022
66014
65616
65615
65603
65544
65446
65219
65126
65083
65075
64965
64937
64887
64557
64413
64331
64283
64231
64004
63913
63783
63778
63613
63530
63528
63494
63329
63311
63258
63064
62969
62937
62782
62520
62315
62188
62056
62052
62027
62018
61898
61887
61712
61644
61587
61555
61540
61508
61386
61346
61209
61138
61065
61060
60974
60738
60706
60600
60538
60397
60395
60321
60209
60191
60184
60147
59975
59969
59957
59756
59709
59526
59358
59226
59001
58849
58839
58666
58656
58437
58366
58306
58276
58135
58087
58083
57839
57688
57597
57555
57535
57487
57396
57392
57387
57359
57017
56853
56617
56507
56457
56389
56335
56204
56110
56040
55998
55984
55938
55841
55724
55543
55367
55258
55230
55229
55213
55188
55112
54944
54922
54852
54551
54539
54471
54347
54308
54270
54131
54040
53701
53486
53427
53356
53344
53272
53177
53144
53070
53023
52871
52724
52665
52586
52474
52459
52394
52315
52190
52144
52134
52107
52101
52075
52052
51997
51863
51591
51586
51445
51439
51430
51424
51368
51151
51043
50546
50336
50334
50302
50279
50275
50077
50051
49837
49785
49756
49723
49701
49230
49074
49059
49003
48847
48832
48821
48812
48737
48684
48559
48413
48005
47871
47806
47740
47613
47536
47519
47491
47464
47384
47192
47176
46990
46845
46715
46198
46108
45983
45796
45749
45738
45678
45664
45589
45589
45491
45410
45212
45175
45082
45081
44909
44882
44879
44797
44697
44608
44505
44404
44324
44315
44056
43953
43925
43769
43766
43755
43751
43734
43670
43620
43225
43192
43070
42848
42808
42668
42644
42620
42519
42356
42322
42301
42191
42091
41973
41928
41862
41457
41434
41384
41350
41262
41246
41171
41034
40962
40952
40711
40480
40347
40205
40203
40118
40070
39984
39835
39748
39710
39624
39582
39392
39211
39126
39066
39007
38888
38819
38779
38548
38304
38248
38218
38104
38067
37978
37916
37814
37809
37758
37639
37541
37446
37368
37318
37233
37161
36832
36437
36391
36355
36111
35979
35803
35763
35734
35599
35334
35328
35264
35062
34976
34867
34680
34600
34515
34311
33851
33778
33614
33591
33408
33312
33256
33229
33223
33200
33197
32785
32700
32639
32599
32545
32524
32416
32415
32351
32341
32321
32269
32010
32009
32002
31982
31892
31784
31775
31540
31468
31329
31297
31073
30981
30866
30822
30590
30439
30218
30196
30122
29814
29670
29491
29460
29310
29233
29156
29075
28941
28866
28782
28767
28734
28558
28509
28509
28507
28459
28457
28392
28326
28190
28166
28043
28028
27923
27875
27839
27827
27664
27558
27396
26960
26955
26876
26763
26695
26665
26579
26375
26111
26082
26028
26021
25941
25844
25831
25741
25634
25604
25504
25274
25257
24948
24757
24466
24422
24380
24180
24102
24085
23933
23858
23727
23667
23631
23605
23537
23381
23350
23241
23138
23115
23076
22984
22908
22832
22806
22803
22773
22500
22490
22462
22266
22208
22168
21950
21941
21861
21806
21778
21609
21539
21358
21316
21267
21248
21135
20924
20915
20883
20875
20857
20844
20829
20824
20221
20092
20091
19987
19883
19870
19805
19797
19741
19706
19548
19501
19492
19452
19396
19209
19180
19157
19041
19002
18903
18864
18654
18469
18315
18206
17952
17928
17906
17749
17538
17491
17426
17339
17317
17165
16939
16810
16739
16390
16329
16210
16191
16175
15944
15907
15844
15797
15749
15715
15552
15391
15315
14836
14731
14689
14681
14666
14306
14011
13841
13828
13765
13566
13549
13407
13093
13077
12924
12691
12648
12577
12429
12321
12303
12241
12208
12174
12091
11780
11771
11472
11404
11400
11152
11118
11092
10988
10959
10778
10765
10634
10611
10568
10521
10498
10485
10450
10311
10267
10262
10195
10112
9890
9825
9764
9747
9704
9666
9558
9428
9290
9256
9201
9058
9027
8850
8755
8754
8655
8645
8584
8529
8253
8220
8116
8075
6956
6637
6398
6393
6242
6216
6122
6011
5987
5822
5749
5482
5294
5080
4928
4875
4841
4828
4790
4567
4498
4486
4476
4402
4372
4344
4319
3852
3789
3673
3666
3663
3368
3215
3175
3074
2903
2819
2643
2388
2350
2254
2241
1977
1781
1569
1554
1471
1446
1436
1409
1353
1133
1037
990
862
730
713
616
515
494
434
363
330
290
249
239
198
138
12
